ProblemType:	SP-CARP
NumberNodes:	2171
NumberEdges:	2459
DepotNodeNumber:	466
NumberOfFractions:	1
NumberOfIntervalsForFraction	General_Glass_Metal_Plastic_Organic	3	3.5	7	14
GRAPH
EdgeNumber	EdgeId	StartNodeNumber	EndNodeNumber	Cost	Demand_0	Bins_0	Demand_1	Bins_1	Demand_2	Bins_2
START
0	3	0	1	103	0	0	0	0	0	0
1	4	2	3	13	0	0	0	0	119	1
2	5	4	5	53	0	0	0	0	94	1
3	14	9	10	337	0	0	1403	15	655	7
4	15	10	11	287	0	0	1683	16	961	8
5	16	12	13	294	0	0	1547	16	791	7
6	17	14	15	260	0	0	1700	15	791	7
7	18	16	17	315	0	0	1598	16	510	4
8	19	17	18	213	0	0	1683	14	493	5
9	44	19	20	184	0	0	0	0	213	2
10	45	20	21	193	0	0	0	0	213	2
11	47	22	23	103	0	0	0	0	0	0
12	48	22	24	302	0	0	0	0	0	0
13	49	25	26	7	0	0	0	0	0	0
14	50	26	27	310	0	0	0	0	0	0
15	53	28	29	59	0	0	0	0	0	0
16	55	30	31	197	0	0	0	0	213	2
17	127	32	0	5	0	0	0	0	0	0
18	137	33	34	388	0	0	0	0	0	0
19	150	14	13	46	0	0	0	0	0	0
20	273	35	36	1263	0	0	94	1	595	4
21	274	37	38	163	0	0	0	0	502	3
22	275	38	39	25	0	0	0	0	0	0
23	284	40	41	72	0	0	0	0	94	1
24	285	41	42	6	0	0	0	0	0	0
25	294	43	44	69	0	0	238	2	612	3
26	355	46	47	55	0	0	0	0	0	0
27	375	48	49	24	0	0	0	0	0	0
28	376	49	50	63	0	0	0	0	0	0
29	377	51	52	147	0	0	0	0	94	1
30	408	31	53	90	0	0	0	0	94	1
31	519	54	55	83	0	0	0	0	94	1
32	543	56	57	61	0	0	0	0	119	1
33	544	58	56	71	0	0	0	0	119	1
34	545	56	59	119	0	0	0	0	0	0
35	572	60	61	173	0	0	689	5	502	3
36	573	61	62	33	0	0	0	0	204	1
37	574	62	63	27	0	0	0	0	0	0
38	575	63	64	53	0	0	0	0	400	4
39	576	65	66	20	0	0	0	0	0	0
40	577	66	67	119	0	0	204	1	935	5
41	578	68	69	77	0	0	510	1	119	1
42	579	69	70	47	0	0	0	0	204	1
43	592	73	74	19	0	0	0	0	0	0
44	593	74	75	61	0	0	0	0	510	1
45	599	76	77	60	0	0	0	0	204	1
46	602	78	79	69	0	0	0	0	94	1
47	603	80	81	27	0	0	0	0	94	1
48	604	26	82	71	0	0	0	0	94	1
49	605	22	83	489	0	0	0	0	1020	2
50	622	84	85	213	0	0	0	0	204	1
51	623	86	87	356	0	0	0	0	204	1
52	625	88	85	139	0	0	0	0	119	1
53	648	89	90	146	0	0	0	0	408	2
54	649	91	92	49	0	0	0	0	0	0
55	650	92	93	40	0	0	1530	3	0	0
56	651	94	95	36	0	0	0	0	0	0
57	652	95	96	20	0	0	0	0	94	1
58	655	98	99	19	0	0	187	2	842	9
59	656	100	101	8	0	0	0	0	0	0
60	657	101	98	23	0	0	0	0	94	1
61	723	102	103	408	0	0	0	0	119	1
62	727	87	104	93	0	0	0	0	204	1
63	732	105	106	105	0	0	0	0	94	1
64	736	64	107	69	0	0	0	0	298	2
65	741	108	109	26	0	0	0	0	204	1
66	742	109	110	13	0	0	0	0	204	1
67	744	111	112	237	0	0	298	2	502	3
68	753	113	114	50	0	0	0	0	94	1
69	754	94	115	60	0	0	0	0	204	1
70	756	29	116	112	0	0	510	1	0	0
71	757	20	117	75	0	0	0	0	94	1
72	861	118	119	86	0	0	0	0	94	1
73	862	120	121	45	0	0	0	0	204	1
74	869	122	123	37	0	0	0	0	94	1
75	890	124	125	191	0	0	204	1	281	3
76	896	64	65	58	0	0	0	0	0	0
77	907	126	127	137	0	0	0	0	94	1
78	908	128	129	74	0	0	0	0	204	1
79	909	130	131	107	0	0	0	0	434	2
80	910	132	133	395	0	0	0	0	0	0
81	915	133	134	228	0	0	0	0	94	1
82	916	134	135	459	0	0	0	0	298	2
83	983	136	137	5	0	0	0	0	0	0
84	984	137	138	88	0	0	94	1	0	0
85	1043	139	140	59	0	0	0	0	94	1
86	1103	141	142	327	0	0	0	0	0	0
87	1104	141	143	95	0	0	0	0	94	1
88	1119	144	145	116	0	0	306	3	0	0
89	1122	72	87	532	0	0	0	0	0	0
90	1127	146	147	27	0	0	0	0	604	5
91	1128	148	149	95	0	0	485	4	1029	6
92	1131	150	151	251	0	0	0	0	0	0
93	1136	152	153	44	0	0	3570	7	0	0
94	1137	154	155	49	0	0	0	0	119	1
95	1443	2	4	2	0	0	0	0	0	0
96	1446	156	157	74	0	0	0	0	0	0
97	1447	156	158	102	0	0	0	0	323	2
98	1450	96	159	45	0	0	0	0	0	0
99	1452	160	161	138	0	0	1938	5	0	0
100	1459	162	163	28	0	0	0	0	187	2
101	1537	164	165	46	0	0	0	0	306	3
102	1538	166	167	172	0	0	0	0	0	0
103	1540	168	166	172	0	0	0	0	0	0
104	1542	169	170	137	0	0	0	0	0	0
105	1543	171	172	33	0	0	94	1	94	1
106	1544	165	171	6	0	0	0	0	0	0
107	1545	171	173	29	0	0	0	0	213	2
108	1546	174	175	17	0	0	2040	4	0	0
109	1547	167	176	173	0	0	0	0	0	0
110	1568	178	179	180	0	0	94	1	0	0
111	1573	180	181	445	0	0	0	0	94	1
112	1600	182	183	205	0	0	0	0	298	2
113	1694	7	186	272	0	0	0	0	0	0
114	1698	187	188	509	0	0	0	0	0	0
115	1805	190	191	50	0	0	3060	6	0	0
116	1806	191	192	31	0	0	0	0	0	0
117	1809	193	194	40	0	0	0	0	204	1
118	1817	195	196	75	0	0	298	2	204	1
119	1822	197	198	55	0	0	0	0	187	2
120	1823	176	168	173	0	0	0	0	0	0
121	1828	199	200	22	0	0	0	0	94	1
122	1830	201	164	42	0	0	94	1	374	4
123	1858	35	202	753	0	0	0	0	298	2
124	1859	38	203	67	0	0	0	0	298	2
125	1860	42	204	81	0	0	0	0	298	2
126	1863	205	206	184	0	0	94	1	94	1
127	1970	207	208	51	0	0	0	0	204	1
128	1973	209	210	27	0	0	187	2	94	1
129	1974	211	212	38	0	0	94	1	94	1
130	1975	213	214	61	0	0	94	1	0	0
131	1976	215	216	72	0	0	188	2	213	2
132	1980	217	218	291	0	0	1403	8	646	4
133	1981	219	220	27	0	0	204	1	119	1
134	1984	221	222	46	0	0	94	1	0	0
135	1987	225	226	262	0	0	204	1	0	0
136	1988	226	227	136	0	0	0	0	0	0
137	1990	228	229	87	0	0	0	0	0	0
138	1991	230	231	50	0	0	340	1	0	0
139	1992	232	233	208	0	0	672	6	621	4
140	1993	234	235	11	0	0	204	1	749	8
141	1995	236	237	24	0	0	187	2	0	0
142	1997	238	239	50	0	0	0	0	187	2
143	1998	239	240	43	0	0	604	2	187	2
144	1999	239	241	67	0	0	0	0	391	3
145	2000	242	243	48	0	0	0	0	816	4
146	2001	244	245	56	0	0	0	0	323	2
147	2002	246	247	47	0	0	94	1	213	2
148	2003	248	249	68	0	0	119	1	119	1
149	2004	250	251	38	0	0	94	1	119	1
150	2008	45	252	63	0	0	94	1	204	1
151	2009	252	253	76	0	0	204	1	850	5
152	2021	254	190	8	0	0	0	0	0	0
153	2022	190	255	33	0	0	0	0	0	0
154	2059	256	192	9	0	0	0	0	0	0
155	2060	257	258	73	0	0	0	0	714	5
156	2061	258	259	3	0	0	0	0	0	0
157	2062	260	261	3	0	0	0	0	0	0
158	2063	261	262	143	0	0	0	0	187	2
159	2064	263	264	50	0	0	0	0	94	1
160	2065	264	265	65	0	0	0	0	0	0
161	2071	266	186	81	0	0	0	0	0	0
162	2072	186	143	48	0	0	0	0	0	0
163	2103	125	85	171	0	0	0	0	808	6
164	2104	267	94	14	0	0	0	0	0	0
165	2105	67	113	42	0	0	0	0	0	0
166	2106	113	91	157	0	0	0	0	986	7
167	2107	157	268	137	0	0	0	0	0	0
168	2108	268	269	66	0	0	0	0	94	1
169	2177	120	270	80	0	0	119	1	0	0
170	2183	271	125	407	0	0	94	1	0	0
171	2201	272	273	611	0	0	0	0	0	0
172	2202	272	274	33	0	0	0	0	0	0
173	2203	274	275	99	0	0	0	0	0	0
174	2204	274	276	33	0	0	0	0	0	0
175	2205	276	277	99	0	0	0	0	0	0
176	2206	276	272	62	0	0	0	0	0	0
177	2211	264	278	18	0	0	94	1	204	1
178	2213	258	261	72	0	0	323	2	0	0
179	2231	68	267	10	0	0	0	0	0	0
180	2289	279	280	78	0	0	298	2	706	4
181	2299	281	282	111	0	0	2134	5	94	1
182	2301	283	284	84	0	0	3570	7	0	0
183	2303	285	286	85	0	0	510	1	0	0
184	2304	287	285	42	0	0	0	0	0	0
185	2305	288	289	25	0	0	0	0	94	1
186	2306	155	290	111	0	0	0	0	298	2
187	2358	291	292	107	0	0	510	1	0	0
188	2390	41	293	56	0	0	0	0	638	3
189	2391	158	44	91	0	0	0	0	0	0
190	2393	294	295	142	0	0	604	2	1088	7
191	2394	296	297	112	0	0	612	3	400	4
192	2540	299	44	42	0	0	0	0	94	1
193	2541	299	267	51	0	0	0	0	0	0
194	2542	300	301	114	0	0	298	2	391	3
195	2543	302	303	32	0	0	0	0	408	2
196	2544	304	305	87	0	0	0	0	1343	4
197	2545	305	306	88	0	0	0	0	94	1
198	2546	306	70	84	0	0	0	0	0	0
199	2547	307	308	103	0	0	0	0	0	0
200	2548	70	309	38	0	0	0	0	408	2
201	2549	310	311	83	0	0	187	2	816	4
202	2550	312	313	103	0	0	0	0	0	0
203	2551	307	314	144	0	0	0	0	94	1
204	2552	314	315	382	0	0	0	0	204	1
205	2553	315	316	220	0	0	0	0	391	3
206	2554	317	318	435	0	0	204	1	595	4
207	2555	318	319	127	0	0	0	0	1003	6
208	2556	320	321	560	0	0	0	0	94	1
209	2557	321	317	267	0	0	0	0	0	0
210	2598	322	323	333	0	0	0	0	94	1
211	2599	323	324	135	0	0	0	0	204	1
212	2603	65	90	13	0	0	0	0	0	0
213	2605	93	325	47	0	0	0	0	0	0
214	2606	325	308	680	0	0	0	0	94	1
215	2607	301	326	52	0	0	0	0	391	3
216	2608	327	328	560	0	0	1224	3	94	1
217	2609	327	97	19	0	0	0	0	0	0
218	2610	326	62	102	0	0	502	3	612	3
219	2611	85	329	169	0	0	400	4	298	2
220	2674	330	331	40	0	0	0	0	0	0
221	2675	331	332	66	0	0	0	0	0	0
222	2676	331	333	398	0	0	0	0	119	1
223	2700	322	334	231	0	0	0	0	0	0
224	2701	334	320	225	0	0	0	0	0	0
225	2722	335	336	688	0	0	187	2	323	2
226	2723	336	337	23	0	0	0	0	0	0
227	2736	338	339	128	0	0	94	1	502	3
228	2737	339	340	93	0	0	0	0	893	6
229	2738	340	341	104	0	0	204	1	561	4
230	2739	342	343	120	0	0	697	6	782	6
231	2740	343	344	30	0	0	0	0	0	0
232	2741	344	341	40	0	0	0	0	0	0
233	2742	345	346	149	0	0	187	2	995	8
234	2743	347	348	48	0	0	204	1	527	3
235	2744	348	349	51	0	0	94	1	816	4
236	2745	349	350	91	0	0	187	2	876	7
237	2746	349	351	13	0	0	0	0	0	0
238	2766	352	353	55	0	0	1649	7	408	2
239	2767	353	342	62	0	0	0	0	323	2
240	2768	342	232	41	0	0	510	4	187	2
241	2769	353	354	140	0	0	1054	3	689	5
242	2770	354	355	63	0	0	0	0	374	4
243	2774	356	357	37	0	0	0	0	0	0
244	2775	357	358	33	0	0	0	0	0	0
245	2776	358	359	217	0	0	0	0	0	0
246	2777	359	360	120	0	0	94	1	0	0
247	2778	361	362	103	0	0	0	0	510	1
248	2779	363	364	66	0	0	0	0	0	0
249	2780	364	365	57	0	0	0	0	0	0
250	2782	366	367	220	0	0	0	0	0	0
251	2783	367	368	440	0	0	0	0	0	0
252	2785	356	369	46	0	0	0	0	0	0
253	2786	369	363	63	0	0	0	0	0	0
254	2787	363	184	105	0	0	0	0	0	0
255	2788	364	370	117	0	0	0	0	0	0
256	2789	371	340	46	0	0	0	0	298	2
257	2790	367	372	42	0	0	0	0	0	0
258	3995	373	374	53	0	0	0	0	0	0
259	3997	375	376	45	0	0	204	1	0	0
260	4122	377	378	43	0	0	1020	2	187	2
261	4123	378	379	71	0	0	1020	2	0	0
262	4139	380	381	118	0	0	816	4	527	3
263	4140	382	380	57	0	0	0	0	0	0
264	4141	380	383	58	0	0	0	0	0	0
265	4145	384	385	104	0	0	0	0	612	3
266	4146	386	387	86	0	0	0	0	408	2
267	4189	388	389	62	0	0	0	0	408	2
268	4190	389	390	65	0	0	527	3	204	1
269	4191	391	252	59	0	0	0	0	0	0
270	4192	392	177	24	0	0	0	0	0	0
271	4193	177	393	113	0	0	0	0	1020	5
272	4194	394	393	150	0	0	94	1	527	3
273	4195	393	395	9	0	0	0	0	0	0
274	4196	396	397	73	0	0	0	0	0	0
275	4197	398	399	104	0	0	340	1	629	5
276	4198	399	400	72	0	0	0	0	119	1
277	4269	287	402	45	0	0	0	0	0	0
278	4291	403	7	268	0	0	0	0	0	0
279	4296	404	294	65	0	0	0	0	204	1
280	4297	294	405	150	0	0	94	1	527	3
281	4300	406	407	32	0	0	0	0	510	1
282	4303	408	409	146	0	0	0	0	0	0
283	4304	409	410	251	0	0	0	0	0	0
284	4305	409	384	206	0	0	0	0	0	0
285	4306	384	386	82	0	0	0	0	0	0
286	4320	411	412	103	0	0	0	0	0	0
287	4321	412	413	30	0	0	0	0	0	0
288	4330	414	415	220	0	0	0	0	502	3
289	4331	415	416	482	0	0	808	3	442	3
290	4345	412	8	342	0	0	0	0	0	0
291	4346	417	418	151	0	0	0	0	94	1
292	4347	418	419	18	0	0	0	0	0	0
293	4348	45	418	277	0	0	0	0	0	0
294	4372	420	135	346	0	0	0	0	204	1
295	4373	421	422	61	0	0	0	0	187	2
296	4385	423	424	26	0	0	0	0	119	1
297	4501	425	426	42	0	0	0	0	0	0
298	4503	402	427	30	0	0	0	0	94	1
299	4504	428	429	181	0	0	0	0	204	1
300	4505	430	431	502	0	0	94	1	0	0
301	4513	432	433	29	0	0	94	1	408	2
302	4514	433	434	9	0	0	0	0	0	0
303	4516	434	435	22	0	0	0	0	204	1
304	4518	436	437	28	0	0	0	0	0	0
305	4522	350	438	12	0	0	0	0	0	0
306	4523	438	434	81	0	0	94	1	94	1
307	4526	439	440	81	0	0	3290	10	1088	4
308	4527	441	442	60	0	0	0	0	0	0
309	4528	443	441	121	0	0	187	2	187	2
310	4529	444	445	164	0	0	493	5	1190	8
311	4530	446	447	75	0	0	0	0	748	6
312	4531	448	449	179	0	0	0	0	204	1
313	4532	450	205	270	0	0	0	0	0	0
314	4533	451	452	90	0	0	0	0	94	1
315	4534	453	451	14	0	0	0	0	0	0
316	4535	454	455	29	0	0	0	0	0	0
317	4536	456	457	110	0	0	0	0	94	1
318	4537	456	458	126	0	0	0	0	0	0
319	4538	459	460	42	0	0	0	0	0	0
320	4540	461	462	16	0	0	0	0	0	0
321	4541	462	463	194	0	0	1054	3	281	3
322	4542	464	465	44	0	0	0	0	0	0
323	4543	465	466	86	0	0	204	1	952	4
324	4544	467	468	2	0	0	0	0	0	0
325	4545	469	470	66	0	0	1921	6	714	2
326	4546	470	467	37	0	0	1411	5	0	0
327	4547	471	472	18	0	0	340	1	0	0
328	4548	473	474	14	0	0	0	0	204	1
329	4549	474	475	191	0	0	3230	23	1003	6
330	4550	476	477	49	0	0	298	2	374	4
331	4551	477	478	16	0	0	281	3	204	1
332	4552	479	480	75	0	0	0	0	0	0
333	4553	481	482	45	0	0	1122	12	94	1
334	4554	483	484	43	0	0	0	0	94	1
335	4555	485	486	38	0	0	0	0	0	0
336	4556	487	488	55	0	0	0	0	0	0
337	4557	489	487	40	0	0	94	1	604	2
338	4559	490	491	72	0	0	204	1	0	0
339	4560	491	492	34	0	0	94	1	408	2
340	4561	493	494	30	0	0	0	0	417	3
341	4573	495	257	41	0	0	0	0	391	3
342	4576	496	408	497	0	0	0	0	0	0
343	4577	497	498	45	0	0	213	2	204	1
344	4578	499	500	33	0	0	0	0	0	0
345	4579	501	502	15	0	0	187	2	0	0
346	4580	502	503	54	0	0	187	2	94	1
347	4581	503	504	83	0	0	0	0	0	0
348	4583	505	506	253	0	0	417	3	1845	15
349	4584	507	504	60	0	0	187	2	94	1
350	4585	508	509	96	0	0	510	4	213	2
351	4586	509	507	5	0	0	204	1	0	0
352	4587	510	511	14	0	0	0	0	0	0
353	4588	511	512	41	0	0	204	1	204	1
354	4589	513	514	57	0	0	281	3	204	1
355	4590	515	516	128	0	0	0	0	323	2
356	4592	517	518	28	0	0	204	1	323	2
357	4594	396	519	62	0	0	697	3	0	0
358	4595	519	520	19	0	0	0	0	0	0
359	4596	521	522	98	0	0	595	4	0	0
360	4597	523	524	49	0	0	187	2	298	2
361	4599	494	525	32	0	0	0	0	391	3
362	4601	526	527	299	0	0	0	0	204	1
363	4602	528	529	9	0	0	0	0	204	1
364	4605	530	531	30	0	0	298	2	204	1
365	4607	532	533	293	0	0	0	0	298	2
366	4608	534	535	29	0	0	0	0	510	1
367	4609	536	537	84	0	0	1020	2	1360	3
368	4610	538	536	20	0	0	0	0	1020	2
369	4611	535	539	50	0	0	0	0	1530	3
370	4612	539	540	9	0	0	0	0	0	0
371	4613	541	542	26	0	0	0	0	1020	2
372	4614	542	538	40	0	0	0	0	510	1
373	4615	540	543	54	0	0	0	0	850	2
374	4616	544	545	80	0	0	213	2	187	2
375	4617	545	546	134	0	0	689	5	561	6
376	4618	547	548	48	0	0	0	0	391	3
377	4620	549	550	29	0	0	1216	13	374	4
378	4621	551	552	51	0	0	187	2	94	1
379	4622	553	554	521	0	0	0	0	0	0
380	4623	555	556	34	0	0	0	0	587	6
381	4624	557	558	5	0	0	0	0	0	0
382	4625	559	560	390	0	0	0	0	0	0
383	4626	431	561	118	0	0	0	0	0	0
384	4628	562	563	5	0	0	0	0	0	0
385	4629	564	565	28	0	0	94	1	0	0
386	4630	565	566	28	0	0	94	1	94	1
387	4631	566	567	26	0	0	94	1	0	0
388	4632	568	569	68	0	0	0	0	0	0
389	4634	570	571	72	0	0	94	1	94	1
390	4636	572	573	44	0	0	188	2	0	0
391	4637	574	575	38	0	0	94	1	94	1
392	4641	576	577	167	0	0	0	0	0	0
393	4642	577	578	266	0	0	0	0	281	3
394	4643	579	580	157	0	0	748	3	510	4
395	4644	580	581	33	0	0	1020	2	374	4
396	4645	582	583	135	0	0	213	2	1088	7
397	4646	584	585	90	0	0	306	3	604	5
398	4647	586	584	58	0	0	187	2	298	2
399	4648	587	588	48	0	0	94	1	0	0
400	4649	589	590	49	0	0	94	1	731	4
401	4650	556	591	14	0	0	0	0	400	4
402	4651	558	592	61	0	0	94	1	417	3
403	4652	560	593	120	0	0	0	0	0	0
404	4654	594	595	35	0	0	680	2	0	0
405	4655	596	597	53	0	0	697	3	1420	6
406	4656	597	598	42	0	0	612	3	714	2
407	4661	599	600	54	0	0	0	0	595	4
408	4662	601	600	56	0	0	94	1	187	2
409	4663	602	603	200	0	0	4141	10	0	0
410	4665	605	439	91	0	0	94	1	204	1
411	4666	606	607	3	0	0	0	0	0	0
412	4668	608	609	16	0	0	0	0	0	0
413	4669	610	611	281	0	0	510	1	0	0
414	4670	612	613	22	0	0	0	0	204	1
415	4673	614	442	52	0	0	0	0	94	1
416	4674	615	616	55	0	0	0	0	0	0
417	4677	617	618	74	0	0	2550	5	0	0
418	4701	619	620	554	0	0	0	0	0	0
419	4702	621	622	23	0	0	94	1	0	0
420	4703	623	624	56	0	0	94	1	187	2
421	4704	15	625	107	0	0	613	6	306	3
422	4705	625	626	65	0	0	94	1	187	2
423	4706	627	628	133	0	0	638	6	748	6
424	4707	629	630	101	0	0	561	6	187	2
425	4708	631	632	174	0	0	978	9	306	3
426	4709	633	634	66	0	0	281	3	94	1
427	4710	373	635	158	0	0	1394	12	0	0
428	4741	636	637	405	0	0	204	1	0	0
429	4742	420	638	120	0	0	0	0	204	1
430	4744	639	640	71	0	0	0	0	119	1
431	4755	641	642	292	0	0	0	0	0	0
432	4757	642	643	1081	0	0	0	0	1037	4
433	4758	643	644	110	0	0	0	0	0	0
434	4759	645	643	840	0	0	0	0	0	0
435	4761	646	647	15	0	0	0	0	0	0
436	4762	647	648	22	0	0	0	0	0	0
437	4763	648	646	22	0	0	0	0	0	0
438	4785	649	411	115	0	0	94	1	0	0
439	4786	650	651	131	0	0	0	0	204	1
440	4787	652	653	20	0	0	0	0	0	0
441	4788	654	655	28	0	0	0	0	0	0
442	4789	656	657	106	0	0	306	3	612	3
443	4790	658	659	27	0	0	306	3	298	2
444	4793	660	661	30	0	0	187	2	408	2
445	4794	662	663	23	0	0	94	1	0	0
446	4795	664	665	630	0	0	0	0	0	0
447	4797	666	589	87	0	0	502	3	298	2
448	4798	410	553	100	0	0	340	1	0	0
449	4801	54	667	97	0	0	0	0	204	1
450	4802	54	668	56	0	0	0	0	94	1
451	4803	669	670	22	0	0	0	0	0	0
452	4804	671	672	868	0	0	0	0	604	5
453	4805	673	669	91	0	0	94	1	204	1
454	4806	669	674	43	0	0	0	0	94	1
455	4807	675	668	71	0	0	94	1	204	1
456	4808	668	670	31	0	0	0	0	0	0
457	4809	670	676	5	0	0	0	0	0	0
458	4810	674	672	90	0	0	0	0	544	2
459	4812	677	678	40	0	0	0	0	204	1
460	4813	678	330	1091	0	0	204	1	485	4
461	4814	679	678	113	0	0	0	0	204	1
462	4839	680	681	29	0	0	94	1	408	2
463	4840	682	683	131	0	0	0	0	0	0
464	4841	684	685	81	0	0	0	0	0	0
465	4843	686	461	28	0	0	2924	9	0	0
466	4844	687	688	26	0	0	0	0	0	0
467	4845	689	690	56	0	0	94	1	408	2
468	4846	691	692	12	0	0	0	0	0	0
469	4850	681	693	58	0	0	94	1	281	3
470	4851	661	694	78	0	0	187	2	187	2
471	4868	695	696	604	0	0	0	0	0	0
472	4869	697	695	639	0	0	0	0	298	2
473	4870	40	698	94	0	0	0	0	391	3
474	4871	39	35	67	0	0	0	0	119	1
475	4872	699	700	103	0	0	927	4	595	4
476	4873	701	702	37	0	0	281	3	0	0
477	4874	703	701	43	0	0	425	4	306	3
478	4875	704	705	380	0	0	0	0	0	0
479	4876	706	46	20	0	0	94	1	0	0
480	4877	706	707	43	0	0	0	0	0	0
481	4878	46	707	19	0	0	0	0	0	0
482	4879	707	429	33	0	0	0	0	0	0
483	4881	708	709	38	0	0	0	0	0	0
484	4882	710	708	560	0	0	0	0	204	1
485	4996	644	711	370	0	0	0	0	213	2
486	4997	711	712	164	0	0	0	0	323	2
487	4998	713	714	506	0	0	0	0	0	0
488	5000	715	713	573	0	0	0	0	510	1
489	5001	715	716	350	0	0	0	0	94	1
490	5002	717	718	164	0	0	0	0	0	0
491	5003	718	716	51	0	0	0	0	0	0
492	5052	645	675	219	0	0	0	0	935	5
493	5146	39	40	13	0	0	0	0	94	1
494	5147	42	677	63	0	0	0	0	204	1
495	5234	60	719	163	0	0	213	2	1309	9
496	5461	326	90	160	0	0	94	1	408	2
497	5462	720	721	88	0	0	0	0	119	1
498	5463	67	720	63	0	0	94	1	323	2
499	5497	722	723	100	0	0	0	0	0	0
500	5511	724	725	147	0	0	0	0	0	0
501	5512	726	725	81	0	0	0	0	0	0
502	5513	328	727	34	0	0	0	0	0	0
503	5514	727	722	694	0	0	94	1	910	5
504	5517	95	728	56	0	0	94	1	204	1
505	5518	729	730	21	0	0	0	0	298	2
506	5519	306	731	54	0	0	187	2	502	3
507	5520	305	732	70	0	0	238	2	918	6
508	5521	269	310	143	0	0	0	0	485	4
509	5522	310	327	68	0	0	94	1	0	0
510	5542	733	721	81	0	0	0	0	408	2
511	5543	89	733	31	0	0	0	0	0	0
512	5600	301	734	58	0	0	510	1	0	0
513	5601	89	734	37	0	0	0	0	0	0
514	5747	28	735	172	0	0	94	1	0	0
515	5748	312	736	21	0	0	119	1	0	0
516	5749	727	737	360	0	0	204	1	204	1
517	5750	737	738	287	0	0	0	0	0	0
518	5751	737	739	206	0	0	0	0	119	1
519	5752	740	724	348	0	0	340	1	0	0
520	5754	332	713	544	0	0	0	0	94	1
521	5871	646	717	523	0	0	204	1	0	0
522	5872	648	667	953	0	0	0	0	0	0
523	5892	741	695	560	0	0	0	0	391	3
524	5925	332	742	209	0	0	0	0	204	1
525	5928	743	744	164	0	0	0	0	94	1
526	5931	696	745	129	0	0	0	0	204	1
527	5935	679	746	429	0	0	0	0	0	0
528	5936	746	747	484	0	0	0	0	94	1
529	5937	746	748	247	0	0	0	0	204	1
530	5938	741	37	8	0	0	0	0	0	0
531	5995	749	750	90	0	0	468	5	527	3
532	5996	751	689	19	0	0	204	1	0	0
533	5997	752	753	63	0	0	187	2	281	3
534	5998	754	755	26	0	0	94	1	187	2
535	5999	755	756	27	0	0	391	3	0	0
536	6000	757	758	31	0	0	323	2	94	1
537	6001	758	759	26	0	0	0	0	706	4
538	6002	760	761	34	0	0	374	4	0	0
539	6003	762	763	40	0	0	0	0	417	3
540	6004	763	764	88	0	0	0	0	0	0
541	6005	764	383	78	0	0	0	0	298	2
542	6006	764	765	125	0	0	374	4	391	3
543	6007	765	766	10	0	0	94	1	0	0
544	6008	767	763	59	0	0	425	4	94	1
545	6009	763	768	48	0	0	94	1	646	4
546	6010	769	770	145	0	0	306	3	1318	10
547	6011	684	771	72	0	0	0	0	408	2
548	6012	771	772	103	0	0	391	3	204	1
549	6013	772	770	21	0	0	94	1	0	0
550	6014	770	773	70	0	0	0	0	281	3
551	6015	774	775	67	0	0	0	0	187	2
552	6016	552	776	55	0	0	0	0	0	0
553	6017	777	778	21	0	0	213	2	298	2
554	6018	778	779	35	0	0	119	1	0	0
555	6019	780	781	71	0	0	187	2	595	4
556	6020	725	313	153	0	0	0	0	94	1
557	6022	302	782	40	0	0	0	0	408	2
558	6038	275	783	555	0	0	0	0	0	0
559	6039	783	784	389	0	0	0	0	0	0
560	6040	784	554	89	0	0	0	0	0	0
561	6041	382	685	244	0	0	0	0	0	0
562	6042	769	785	104	0	0	0	0	0	0
563	6043	785	786	103	0	0	0	0	0	0
564	6044	787	273	665	0	0	0	0	0	0
565	6045	788	789	16	0	0	0	0	0	0
566	6046	789	80	133	0	0	0	0	94	1
567	6048	790	789	49	0	0	0	0	0	0
568	6049	791	788	140	0	0	0	0	0	0
569	6050	788	790	44	0	0	0	0	0	0
570	6051	790	792	124	0	0	0	0	94	1
571	6052	793	794	231	0	0	0	0	0	0
572	6053	793	795	268	0	0	0	0	391	3
573	6054	796	791	72	0	0	0	0	0	0
574	6055	791	797	735	0	0	0	0	0	0
575	6056	798	799	62	0	0	0	0	94	1
576	6059	740	28	148	0	0	0	0	0	0
577	6068	337	800	274	0	0	0	0	408	2
578	6069	801	711	44	0	0	0	0	0	0
579	6072	83	714	230	0	0	0	0	0	0
580	6073	714	802	523	0	0	0	0	94	1
581	6074	714	23	117	0	0	94	1	0	0
582	6075	802	803	197	0	0	0	0	0	0
583	6077	804	805	41	0	0	204	1	0	0
584	6086	806	463	28	0	0	0	0	0	0
585	6091	674	676	41	0	0	0	0	94	1
586	6092	676	667	91	0	0	0	0	94	1
587	6093	679	671	824	0	0	0	0	0	0
588	6094	647	671	600	0	0	0	0	204	1
589	6099	807	476	66	0	0	1003	6	94	1
590	6101	808	476	50	0	0	0	0	510	4
591	6102	809	810	55	0	0	808	3	298	2
592	6103	472	524	57	0	0	1139	6	391	3
593	6104	811	812	181	0	0	485	4	1505	9
594	6105	813	814	158	0	0	391	3	1190	8
595	6106	480	815	64	0	0	0	0	0	0
596	6107	480	816	65	0	0	0	0	0	0
597	6108	816	817	69	0	0	1649	4	213	2
598	6109	818	469	21	0	0	510	1	298	2
599	6110	819	820	8	0	0	0	0	0	0
600	6111	820	821	77	0	0	1318	4	213	2
601	6112	822	823	105	0	0	1054	6	2330	8
602	6113	823	824	49	0	0	502	3	740	5
603	6115	489	825	146	0	0	1250	6	519	5
604	6116	825	826	49	0	0	94	1	408	2
605	6117	827	490	167	0	0	306	3	765	7
606	6118	828	829	64	0	0	119	1	94	1
607	6119	830	831	22	0	0	0	0	119	1
608	6120	832	833	97	0	0	408	2	0	0
609	6121	833	834	23	0	0	0	0	0	0
610	6122	835	836	95	0	0	94	1	697	6
611	6123	837	838	24	0	0	0	0	204	1
612	6125	839	398	12	0	0	0	0	0	0
613	6126	840	841	14	0	0	0	0	0	0
614	6137	828	842	115	0	0	791	7	1658	11
615	6138	466	843	101	0	0	298	2	842	4
616	6139	843	686	96	0	0	2040	4	0	0
617	6140	699	844	50	0	0	901	4	612	3
618	6141	845	838	293	0	0	1199	9	2355	17
619	6142	846	847	225	0	0	1386	11	1471	11
620	6143	812	848	92	0	0	527	3	995	8
621	6144	848	835	15	0	0	94	1	94	1
622	6145	849	850	303	0	0	493	5	2125	13
623	6146	848	851	208	0	0	723	6	1556	12
624	6147	851	852	39	0	0	0	0	442	3
625	6148	839	853	29	0	0	340	1	94	1
626	6149	854	855	15	0	0	1020	2	0	0
627	6150	855	856	47	0	0	94	1	298	2
628	6151	857	858	62	0	0	0	0	204	1
629	6152	858	859	16	0	0	0	0	0	0
630	6153	655	860	75	0	0	0	0	94	1
631	6154	861	862	61	0	0	1224	3	0	0
632	6155	863	686	70	1020	2	1165	8	0	0
633	6156	864	865	42	0	0	510	1	323	2
634	6157	865	866	153	0	0	391	3	1386	11
635	6158	844	867	50	0	0	468	5	697	6
636	6159	867	459	24	0	0	714	2	485	4
637	6160	868	869	33	0	0	204	1	0	0
638	6161	862	839	46	0	0	0	0	94	1
639	6163	870	871	30	0	0	0	0	0	0
640	6174	872	873	34	0	0	94	1	187	2
641	6175	873	874	50	0	0	400	4	204	1
642	6176	875	876	53	0	0	0	0	799	5
643	6177	876	877	32	0	0	187	2	298	2
644	6178	878	879	52	0	0	0	0	808	6
645	6179	880	881	38	0	0	281	3	408	2
646	6180	882	883	41	0	0	485	4	408	2
647	6181	567	884	26	0	0	374	4	468	5
648	6182	885	886	27	0	0	374	4	281	3
649	6183	887	888	50	0	0	94	1	485	4
650	6184	889	890	61	0	0	0	0	0	0
651	6186	891	892	53	0	0	0	0	0	0
652	6187	892	893	37	0	0	0	0	2550	5
653	6188	894	895	61	0	0	0	0	510	4
654	6189	601	896	68	0	0	0	0	1148	7
655	6190	600	897	66	0	0	298	2	485	4
656	6191	599	898	64	0	0	94	1	595	4
657	6192	899	900	43	0	0	0	0	0	0
658	6193	599	901	139	0	0	782	6	944	6
659	6194	902	903	57	0	0	2040	4	0	0
660	6195	904	905	33	0	0	0	0	281	3
661	6196	905	906	43	0	0	0	0	655	7
662	6197	906	246	35	0	0	0	0	0	0
663	6198	907	248	116	0	0	485	4	1250	9
664	6199	908	909	61	0	0	0	0	0	0
665	6200	909	910	74	0	0	0	0	0	0
666	6201	910	911	44	0	0	0	0	408	2
667	6202	246	907	87	0	0	485	4	187	2
668	6203	907	912	86	0	0	0	0	281	3
669	6219	885	913	16	0	0	0	0	0	0
670	6220	914	915	87	0	0	0	0	0	0
671	6221	916	917	231	0	0	604	5	1411	11
672	6222	917	918	23	0	0	0	0	0	0
673	6223	919	916	109	0	0	94	1	595	4
674	6224	916	920	63	0	0	94	1	510	4
675	6225	920	921	18	0	0	0	0	187	2
676	6226	921	922	78	0	0	0	0	689	5
677	6227	922	923	22	0	0	94	1	94	1
678	6228	923	924	56	0	0	204	1	612	3
679	6229	924	925	87	0	0	298	2	825	5
680	6230	926	927	124	0	0	4187	10	485	4
681	6231	927	928	26	0	0	0	0	0	0
682	6232	928	929	98	0	0	119	1	306	3
683	6233	929	930	54	0	0	94	1	0	0
684	6234	930	931	21	0	0	0	0	0	0
685	6235	932	933	100	0	0	0	0	672	6
686	6236	826	934	25	0	0	0	0	510	4
687	6237	922	935	239	0	0	697	6	1488	10
688	6238	936	924	230	0	0	748	6	1428	10
689	6239	925	937	219	0	0	1114	9	1666	12
690	6240	351	899	67	0	0	187	2	417	3
691	6241	899	938	102	0	0	306	3	281	3
692	6242	938	939	58	0	0	0	0	0	0
693	6243	939	940	60	0	0	0	0	0	0
694	6244	929	443	162	0	0	281	3	323	2
695	6245	880	882	17	0	0	0	0	0	0
696	6246	445	941	45	0	0	0	0	213	2
697	6255	313	724	134	0	0	0	0	0	0
698	6258	944	908	240	0	0	485	4	3018	19
699	6259	908	945	35	0	0	119	1	408	2
700	6260	442	946	51	0	0	94	1	323	2
701	6261	946	927	252	0	0	893	6	1964	11
702	6262	241	238	38	0	0	0	0	0	0
703	6263	919	947	45	0	0	94	1	408	2
704	6264	947	948	43	0	0	323	2	0	0
705	6265	949	238	77	0	0	94	1	612	6
706	6266	950	932	111	0	0	0	0	0	0
707	6267	932	951	43	0	0	0	0	0	0
708	6268	952	953	59	0	0	0	0	0	0
709	6269	953	954	38	0	0	0	0	0	0
710	6270	954	955	53	0	0	0	0	94	1
711	6271	955	956	26	0	0	0	0	94	1
712	6272	957	876	65	0	0	94	1	0	0
713	6273	876	873	105	0	0	187	2	0	0
714	6274	958	902	27	0	0	0	0	0	0
715	6275	902	959	50	0	0	0	0	94	1
716	6276	959	960	27	0	0	0	0	0	0
717	6277	960	961	23	0	0	0	0	0	0
718	6278	961	962	52	0	0	94	1	0	0
719	6279	963	964	79	0	0	0	0	0	0
720	6280	965	966	122	0	0	748	3	281	3
721	6281	950	967	48	0	0	391	3	298	2
722	6282	967	968	56	0	0	187	2	706	4
723	6283	968	241	75	0	0	400	4	799	5
724	6284	969	970	61	0	0	697	6	0	0
725	6286	749	694	56	0	0	94	1	0	0
726	6287	694	970	20	0	0	0	0	0	0
727	6288	970	971	48	0	0	119	1	0	0
728	6289	971	781	12	0	0	0	0	0	0
729	6290	781	779	11	0	0	0	0	0	0
730	6291	779	972	47	0	0	94	1	94	1
731	6293	973	752	7	0	0	0	0	0	0
732	6294	752	588	50	0	0	0	0	0	0
733	6295	588	974	90	0	0	298	2	706	4
734	6296	973	751	27	0	0	0	0	0	0
735	6297	751	975	31	0	0	595	4	323	2
736	6298	758	976	45	0	0	0	0	0	0
737	6299	758	530	77	0	0	0	0	408	2
738	6300	530	755	88	0	0	187	2	204	1
739	6301	977	530	33	0	0	119	1	0	0
740	6302	666	978	38	0	0	281	3	0	0
741	6303	979	980	111	0	0	0	0	0	0
742	6304	760	666	77	0	0	0	0	94	1
743	6305	981	982	58	0	0	0	0	281	3
744	6306	979	976	107	0	0	0	0	0	0
745	6307	979	784	82	0	0	0	0	0	0
746	6308	983	984	420	0	0	0	0	298	2
747	6309	984	985	90	0	0	0	0	0	0
748	6310	985	277	173	0	0	0	0	0	0
749	6311	797	111	1240	0	0	0	0	0	0
750	6313	797	25	473	0	0	0	0	0	0
751	6314	799	986	264	0	0	0	0	391	3
752	6315	986	987	132	0	0	0	0	0	0
753	6316	797	987	97	0	0	0	0	0	0
754	6317	987	988	661	0	0	94	1	816	4
755	6318	988	989	393	0	0	187	2	0	0
756	6319	801	990	299	0	0	0	0	731	4
757	6321	991	992	96	0	0	94	1	0	0
758	6323	993	992	66	0	0	204	1	0	0
759	6324	982	394	59	0	0	213	2	187	2
760	6326	994	83	830	0	0	0	0	0	0
761	6327	994	713	979	0	0	0	0	0	0
762	6328	994	995	192	0	0	281	3	94	1
763	6329	995	996	118	0	0	0	0	0	0
764	6330	996	554	288	0	0	0	0	0	0
765	6331	787	997	377	0	0	187	2	893	6
766	6332	997	991	53	0	0	204	1	0	0
767	6333	806	998	27	0	0	0	0	94	1
768	6334	472	999	47	0	0	1020	2	0	0
769	6335	655	1000	95	0	0	187	2	204	1
770	6340	989	336	246	0	0	0	0	94	1
771	6352	868	825	78	0	0	612	3	391	3
772	6353	825	865	57	0	0	468	5	0	0
773	6354	1001	1002	31	0	0	417	3	1029	6
774	6355	850	1003	56	0	0	0	0	714	5
775	6356	819	809	73	0	0	731	4	94	1
776	6357	400	1004	13	0	0	0	0	0	0
777	6358	1005	861	67	0	0	612	3	0	0
778	6359	520	463	44	0	0	442	3	340	1
779	6361	1006	519	16	0	0	0	0	0	0
780	6362	466	699	64	0	0	119	1	527	3
781	6363	1007	817	15	0	0	0	0	0	0
782	6364	821	1008	69	0	0	0	0	417	3
783	6365	821	807	49	0	0	808	6	391	3
784	6366	807	854	19	0	0	0	0	0	0
785	6367	1008	840	74	0	0	400	4	298	2
786	6368	1009	1006	48	0	0	1020	2	0	0
787	6369	1010	1011	77	0	0	2142	6	0	0
788	6370	1012	1013	16	0	0	1564	4	0	0
789	6371	1013	857	84	0	0	1938	5	298	2
790	6372	1011	1012	48	0	0	187	2	0	0
791	6373	152	858	33	0	0	0	0	0	0
792	6375	475	1014	20	0	0	0	0	0	0
793	6376	1014	1015	77	4049	10	502	3	510	4
794	6377	1016	1017	13	0	0	0	0	119	1
795	6378	1017	1001	96	0	0	374	4	893	6
796	6379	1001	1018	53	0	0	502	3	527	3
797	6380	281	1019	63	0	0	0	0	0	0
798	6381	484	828	9	0	0	0	0	0	0
799	6383	354	1020	122	0	0	0	0	621	4
800	6384	1020	1021	20	0	0	0	0	0	0
801	6385	1021	368	18	0	0	0	0	0	0
802	6386	343	1022	19	0	0	0	0	94	1
803	6387	1022	1023	134	0	0	1275	8	1173	9
804	6388	1023	1024	34	0	0	0	0	0	0
805	6389	1025	1023	39	0	0	204	1	213	2
806	6393	1026	339	84	0	0	298	2	425	4
807	6394	1027	345	32	0	0	94	1	94	1
808	6395	345	338	81	0	0	187	2	119	1
809	6396	437	1028	51	0	0	0	0	510	1
810	6410	360	1029	200	0	0	0	0	0	0
811	6411	1030	357	119	0	0	0	0	0	0
812	6413	344	1031	50	0	0	374	4	0	0
813	6416	363	1024	20	0	0	0	0	0	0
814	6418	151	229	60	0	0	0	0	94	1
815	6419	1032	1033	147	0	0	298	2	0	0
816	6420	657	1034	54	0	0	94	1	298	2
817	6421	1035	1036	54	0	0	306	3	204	1
818	6422	1037	1038	107	0	0	187	2	1207	7
819	6423	1039	1040	127	0	0	519	5	918	6
820	6424	1041	1042	77	0	0	595	4	706	4
821	6425	1043	1044	38	0	0	0	0	442	3
822	6426	1045	592	37	0	0	204	1	298	2
823	6427	1046	1047	33	0	0	306	3	94	1
824	6428	1048	1049	36	0	0	0	0	417	3
825	6429	1024	1050	110	0	0	1182	7	1377	13
826	6430	1050	352	30	0	0	187	2	213	2
827	6431	1051	1052	36	0	0	119	1	94	1
828	6433	1053	1054	90	0	0	0	0	0	0
829	6434	1055	1056	64	0	0	306	3	485	4
830	6435	1057	1058	64	0	0	485	4	94	1
831	6436	1059	1060	62	0	0	417	3	502	3
832	6437	1061	1062	35	0	0	213	2	187	2
833	6438	1062	1063	36	0	0	94	1	502	3
834	6439	1064	1065	34	0	0	187	2	187	2
835	6440	1065	1066	34	0	0	281	3	204	1
836	6655	1067	1068	141	0	0	808	6	782	6
837	6656	1068	544	79	0	0	94	1	502	3
838	6657	544	1069	117	0	0	374	4	510	4
839	6659	1070	1071	33	0	0	1530	3	0	0
840	6660	1072	1073	76	0	0	0	0	0	0
841	6661	1072	1074	54	0	0	0	0	0	0
842	6663	1075	1076	71	0	0	94	1	0	0
843	6664	1076	1077	92	0	0	204	1	0	0
844	6665	1078	1079	102	0	0	0	0	0	0
845	6666	1079	1080	53	0	0	0	0	0	0
846	6667	1080	1081	48	0	0	0	0	0	0
847	6668	1081	1082	60	0	0	0	0	204	1
848	6669	1083	1016	79	0	0	485	4	213	2
849	6670	1084	505	29	0	0	0	0	0	0
850	6671	1085	1086	30	0	0	0	0	0	0
851	6672	1087	1088	20	0	0	0	0	0	0
852	6676	1089	446	34	0	0	0	0	94	1
853	6677	1090	1091	38	0	0	0	0	94	1
854	6678	1091	1084	64	0	0	298	2	94	1
855	6679	1085	1092	48	0	0	1624	4	510	1
856	6680	1093	1094	138	0	0	0	0	204	1
857	6681	1094	1095	196	0	0	408	2	459	2
858	6682	1095	1096	206	0	0	94	1	604	5
859	6684	1097	1098	67	0	0	94	1	94	1
860	6685	1098	1099	137	0	0	0	0	604	2
861	6687	604	1100	159	0	0	0	0	0	0
862	6688	1101	1102	78	0	0	0	0	0	0
863	6689	1102	1103	21	0	0	0	0	0	0
864	6690	1103	1104	87	0	0	94	1	0	0
865	6691	1105	1106	184	0	0	0	0	0	0
866	6692	1106	1107	236	0	0	0	0	204	1
867	6693	1107	1108	29	0	0	0	0	0	0
868	6694	1106	1109	94	0	0	1020	2	0	0
869	6875	1110	1069	115	0	0	0	0	0	0
870	6876	1069	1111	106	0	0	0	0	0	0
871	6878	1111	1112	4	0	0	0	0	0	0
872	6881	1113	1114	194	0	0	374	4	1165	11
873	6882	1091	662	80	0	0	204	1	94	1
874	6883	663	1113	46	0	0	204	1	0	0
875	6884	1115	1116	19	0	0	119	1	0	0
876	6885	1117	1118	85	0	0	187	2	204	1
877	6886	1118	196	106	0	0	0	0	298	2
878	6887	196	1119	164	0	0	0	0	0	0
879	6889	933	1120	48	0	0	94	1	298	2
880	6890	1120	240	51	0	0	281	3	0	0
881	6891	935	1101	177	0	0	281	3	1386	11
882	6892	1102	1121	107	0	0	485	4	697	6
883	6893	1121	936	99	0	0	94	1	1080	8
884	6894	937	1104	243	0	0	306	3	3026	20
885	6896	240	1100	35	0	0	0	0	0	0
886	6911	1123	586	435	0	0	94	1	0	0
887	6912	1118	1115	22	0	0	0	0	0	0
888	6913	1115	195	43	0	0	0	0	0	0
889	6915	1097	1095	100	0	0	0	0	94	1
890	6916	1095	1105	89	0	0	0	0	0	0
891	6917	227	603	87	0	0	0	0	0	0
892	6918	227	1124	319	0	0	0	0	94	1
893	6920	603	366	743	0	0	0	0	0	0
894	6922	1125	1126	47	0	0	187	2	374	4
895	6924	405	296	11	0	0	0	0	0	0
896	6925	296	1117	50	0	0	0	0	706	4
897	6926	404	1127	1285	0	0	0	0	0	0
898	6928	1128	1129	111	0	0	0	0	0	0
899	6929	1124	1130	168	0	0	119	1	94	1
900	6930	1130	1128	318	0	0	187	2	0	0
901	6931	1128	1131	75	0	0	0	0	0	0
902	6932	1131	1132	21	0	0	0	0	204	1
903	6933	1133	1131	938	0	0	187	2	187	2
904	6935	19	1134	437	0	0	0	0	502	3
905	6951	1135	1136	37	0	0	204	1	204	1
906	7180	1137	1133	67	0	0	0	0	0	0
907	7181	298	408	329	0	0	0	0	0	0
908	7182	1138	1139	21	0	0	0	0	298	2
909	7183	1140	1141	35	0	0	238	2	417	3
910	7184	1142	1143	36	0	0	0	0	595	4
911	7185	685	1144	23	0	0	0	0	0	0
912	7186	1145	1146	1143	0	0	340	1	714	5
913	7187	1111	1147	41	0	0	119	1	0	0
914	7188	1147	1148	47	0	0	0	0	187	2
915	7189	1149	1150	40	0	0	0	0	0	0
916	7190	1151	1150	28	0	0	425	4	0	0
917	7191	1152	1153	20	0	0	94	1	204	1
918	7193	709	1154	210	0	0	119	1	910	5
919	7195	1122	1155	222	0	0	187	2	527	3
920	7196	1154	1135	161	0	0	527	3	298	2
921	7197	1135	260	54	0	0	0	0	0	0
922	7198	1156	257	61	0	0	0	0	502	3
923	7199	709	263	318	0	0	0	0	0	0
924	7200	1157	1152	116	0	0	204	1	884	8
925	7201	260	1157	38	0	0	204	1	213	2
926	7220	1158	1159	11	0	0	0	0	94	1
927	7221	1160	1161	31	0	0	629	2	510	1
928	7222	1162	834	49	0	0	0	0	0	0
929	7223	1162	1163	18	0	0	0	0	0	0
930	7224	1164	1165	51	0	0	765	7	408	2
931	7225	1164	1166	60	0	0	527	3	0	0
932	7226	1166	857	45	0	0	0	0	0	0
933	7227	859	1167	20	0	0	0	0	94	1
934	7228	1167	654	30	0	0	94	1	0	0
935	7229	1168	400	25	0	0	204	1	204	1
936	7230	1168	1005	115	0	0	1182	10	1207	10
937	7231	1169	1170	39	0	0	0	0	0	0
938	7232	1171	1172	64	0	0	3060	6	0	0
939	7233	1169	1171	78	0	0	0	0	0	0
940	7434	1174	1149	20	0	0	0	0	94	1
941	7435	1175	1174	56	0	0	510	4	0	0
942	7436	1176	1174	9	0	0	0	0	0	0
943	7437	1177	1178	52	0	0	0	0	94	1
944	7438	1178	1179	84	0	0	374	4	94	1
945	7439	1180	1178	42	0	0	281	3	94	1
946	7440	1181	1182	24	0	0	0	0	298	2
947	7441	692	1183	27	0	0	485	4	0	0
948	7442	481	1184	21	0	0	213	2	0	0
949	7443	842	1007	33	0	0	868	9	0	0
950	7444	1185	483	5	0	0	0	0	0	0
951	7445	397	1186	43	0	0	408	2	392	3
952	7446	484	518	70	0	0	94	1	391	3
953	7447	518	1187	26	0	0	0	0	0	0
954	7448	1187	830	13	0	0	204	1	0	0
955	7449	466	486	22	0	0	0	0	0	0
956	7451	486	1188	23	0	0	94	1	94	1
957	7452	487	1189	33	0	0	0	0	0	0
958	7453	1189	868	114	0	0	587	6	1641	9
959	7454	1189	1190	18	0	0	0	0	510	1
960	7455	866	1191	24	0	0	0	0	0	0
961	7456	1191	489	34	0	0	187	2	204	1
962	7457	459	487	112	0	0	1879	8	1649	10
963	7458	1159	224	66	0	0	374	4	876	7
964	7459	1160	1158	29	0	0	391	3	340	1
965	7460	1192	1193	33	0	0	3834	23	0	0
966	7462	1194	1195	50	0	0	306	3	0	0
967	7463	1194	1196	14	0	0	0	0	0	0
968	7464	1195	1197	58	0	0	0	0	0	0
969	7465	1197	1198	94	0	0	0	0	0	0
970	7466	1198	1199	31	0	0	0	0	0	0
971	7467	1196	1197	97	0	0	0	0	0	0
972	7468	1200	1201	22	0	0	0	0	0	0
973	7469	1201	1202	48	0	0	187	2	0	0
974	7470	1200	1203	35	0	0	561	4	0	0
975	7471	1201	1204	38	0	0	0	0	94	1
976	7472	1205	1206	20	0	0	0	0	0	0
977	7473	1205	1207	30	0	0	119	1	204	1
978	7474	1208	1209	131	0	0	0	0	485	4
979	7475	1210	1211	96	0	0	0	0	0	0
980	7477	1212	1213	27	0	0	94	1	0	0
981	7478	1213	1214	48	0	0	0	0	0	0
982	7480	1215	1216	84	0	0	4080	8	0	0
983	7482	1217	1218	114	0	0	0	0	0	0
984	7483	1219	1220	64	0	0	510	1	0	0
985	7484	1214	1221	177	0	0	510	1	0	0
986	7485	1221	650	165	0	0	0	0	0	0
987	7599	374	1223	44	0	0	94	1	0	0
988	7606	1224	1225	69	0	0	94	1	94	1
989	7607	520	1226	23	0	0	0	0	0	0
990	7608	1226	464	88	0	0	119	1	298	2
991	7610	1227	1228	317	0	0	0	0	0	0
992	7611	1228	223	105	0	0	2040	4	0	0
993	7635	1230	1127	179	0	0	0	0	0	0
994	7675	391	1231	62	0	0	0	0	612	3
995	7676	1232	1233	274	0	0	0	0	0	0
996	7679	1234	1235	125	0	0	0	0	0	0
997	7680	419	1232	61	0	0	0	0	204	1
998	7681	1232	1236	28	0	0	0	0	0	0
999	7684	1237	453	59	0	0	188	2	187	2
1000	7685	452	1238	50	0	0	306	3	94	1
1001	7686	452	1239	6	0	0	0	0	0	0
1002	7687	1239	1240	43	0	0	0	0	119	1
1003	7688	1239	1241	64	0	0	298	2	119	1
1004	7702	1186	1226	16	0	0	0	0	0	0
1005	7704	1242	1243	44	0	0	0	0	0	0
1006	7707	1244	1243	843	0	0	0	0	0	0
1007	7714	399	1245	50	0	0	1020	2	0	0
1008	7716	1246	1247	29	0	0	0	0	204	1
1009	7717	1247	1248	59	0	0	0	0	0	0
1010	7718	208	1249	16	0	0	0	0	0	0
1011	7719	1250	1251	53	0	0	510	1	94	1
1012	7720	1252	1253	31	0	0	0	0	0	0
1013	7721	1253	208	6	0	0	0	0	0	0
1014	7737	1254	49	39	0	0	0	0	0	0
1015	7741	1255	1254	32	0	0	0	0	0	0
1016	7742	1254	48	36	0	0	0	0	0	0
1017	7744	866	224	49	0	0	697	3	0	0
1018	7748	1243	1257	899	0	0	0	0	0	0
1019	7749	1258	1244	170	0	0	119	1	0	0
1020	7750	1244	1257	77	0	0	0	0	510	1
1021	7751	1259	1248	59	0	0	94	1	204	1
1022	7752	1248	1230	48	0	0	0	0	281	3
1023	7753	1260	1261	10	0	0	0	0	706	4
1024	7754	1261	1262	36	0	0	0	0	298	2
1025	7765	1118	1264	58	0	0	0	0	204	1
1026	7766	1264	586	49	0	0	0	0	0	0
1027	7767	1265	1266	73	0	0	298	2	731	4
1028	7768	543	541	91	0	0	0	0	0	0
1029	7770	1267	1268	54	0	0	187	2	323	2
1030	7771	1268	1175	115	0	0	400	4	298	2
1031	7772	389	1265	59	0	0	298	2	0	0
1032	7773	1269	1211	294	0	0	0	0	0	0
1033	7804	479	691	31	0	0	187	2	0	0
1034	7805	482	691	30	0	0	94	1	0	0
1035	7806	1270	1271	10	0	0	0	0	204	1
1036	7807	1272	1273	19	0	0	94	1	910	8
1037	7808	1150	1267	55	0	0	187	2	408	2
1038	7809	498	1274	7	0	0	204	1	119	1
1039	7810	506	1275	77	0	0	0	0	0	0
1040	7811	1276	513	60	0	0	485	4	0	0
1041	7812	690	1277	31	0	0	0	0	502	3
1042	7813	1278	549	41	0	0	187	2	392	3
1043	7814	1279	279	25	0	0	0	0	298	2
1044	7815	1280	1281	25	0	0	468	5	0	0
1045	7817	1282	796	61	0	0	0	0	0	0
1046	7818	1283	1282	771	0	0	94	1	298	2
1047	7819	795	1282	155	0	0	340	1	0	0
1048	7820	800	715	334	0	0	204	1	408	2
1049	7821	1013	863	21	0	0	204	1	0	0
1050	7822	1284	461	35	0	0	0	0	340	1
1051	7823	998	1284	179	0	0	4251	22	1420	6
1052	7824	1285	827	80	0	0	94	1	187	2
1053	7825	464	1185	48	0	0	0	0	0	0
1054	7827	1286	1287	101	0	0	94	1	281	3
1055	7828	1288	350	184	0	0	740	5	510	4
1056	7830	451	1289	69	0	0	281	3	0	0
1057	7831	1290	1291	143	0	0	94	1	204	1
1058	7832	1292	1293	77	0	0	935	5	0	0
1059	7833	705	1294	72	0	0	204	1	0	0
1060	7834	1294	1295	260	0	0	604	5	94	1
1061	7835	705	1292	65	0	0	0	0	0	0
1062	7836	1292	1296	64	0	0	0	0	94	1
1063	7841	449	1297	112	0	0	119	1	204	1
1064	7843	1297	1298	58	0	0	0	0	204	1
1065	7845	1262	1250	41	0	0	0	0	0	0
1066	7846	1250	1299	46	0	0	94	1	0	0
1067	7848	1300	1252	26	0	0	0	0	94	1
1068	7849	1301	1302	68	0	0	94	1	0	0
1069	7850	1302	1250	81	0	0	0	0	298	2
1070	7851	1303	1302	33	0	0	0	0	119	1
1071	7852	1301	1304	18	0	0	0	0	0	0
1072	7853	1304	1299	61	0	0	94	1	94	1
1073	7854	1305	1262	49	0	0	0	0	204	1
1074	7855	1305	1306	142	0	0	0	0	323	2
1075	7856	1306	1307	65	0	0	0	0	408	2
1076	7857	1307	1305	92	0	0	0	0	204	1
1077	7858	1308	1309	127	0	0	0	0	94	1
1078	7859	1309	1303	78	0	0	0	0	94	1
1079	7860	1307	1310	34	0	0	0	0	298	2
1080	7861	1311	108	28	0	0	0	0	213	2
1081	7862	108	1312	103	0	0	0	0	391	3
1082	7863	1313	1314	65	0	0	0	0	502	3
1083	7864	1136	1315	12	0	0	0	0	204	1
1084	7866	1316	1317	18	0	0	0	0	0	0
1085	7867	1317	1318	73	0	0	672	6	0	0
1086	7870	575	219	25	0	0	94	1	0	0
1087	7871	219	1319	59	0	0	94	1	213	2
1088	7872	376	217	7	0	0	0	0	0	0
1089	7873	217	682	36	0	0	94	1	0	0
1090	7874	374	683	131	0	0	527	3	357	3
1091	7877	362	230	129	0	0	0	0	0	0
1092	7878	1320	919	45	0	0	417	3	187	2
1093	7879	1321	245	88	0	0	391	3	204	1
1094	7880	245	445	3	0	0	0	0	0	0
1095	7884	1322	243	6	0	0	0	0	0	0
1096	7885	243	1323	17	0	0	0	0	119	1
1097	7898	140	120	24	0	0	0	0	0	0
1098	7915	1324	1325	770	0	0	0	0	0	0
1099	7917	1324	1326	259	0	0	0	0	0	0
1100	7918	516	1327	36	0	0	204	1	94	1
1101	7919	1249	516	51	0	0	0	0	0	0
1102	7921	72	1328	989	0	0	0	0	204	1
1103	7922	1328	559	687	0	0	94	1	706	4
1104	7931	417	1329	419	0	0	0	0	94	1
1105	7932	1329	288	55	0	0	94	1	0	0
1106	7933	1330	1331	475	0	0	0	0	94	1
1107	7936	1113	551	70	0	0	94	1	595	4
1108	7937	201	1333	46	0	0	0	0	94	1
1109	7938	1333	1334	15	0	0	0	0	204	1
1110	7939	485	1335	6	0	0	0	0	0	0
1111	7941	488	281	93	0	0	1114	3	0	0
1112	7942	1336	210	20	0	0	94	1	0	0
1113	7944	1132	1337	97	0	0	0	0	0	0
1114	7945	1337	1338	513	0	0	94	1	604	5
1115	7946	578	1339	363	0	0	94	1	204	1
1116	7947	1339	298	244	0	0	0	0	0	0
1117	7948	991	76	24	0	0	0	0	0	0
1118	7949	76	1138	51	0	0	0	0	417	3
1119	7950	1108	1340	9	0	0	0	0	0	0
1120	7951	1340	1263	138	0	0	119	1	0	0
1121	7952	1341	130	169	0	0	0	0	204	1
1122	7953	130	291	83	0	0	0	0	0	0
1123	7954	48	128	15	0	0	0	0	94	1
1124	7955	128	1342	88	0	0	0	0	408	2
1125	7961	1344	1345	81	0	0	94	1	0	0
1126	7962	1345	178	183	0	0	0	0	298	2
1127	7965	1154	136	180	0	0	204	1	1394	9
1128	7966	136	1346	249	0	0	0	0	94	1
1129	7967	1347	1348	25	0	0	0	0	204	1
1130	7968	1348	1349	19	0	0	0	0	0	0
1131	7975	1350	1351	97	0	0	119	1	0	0
1132	7976	1351	1352	10	0	0	0	0	0	0
1133	7977	1353	1354	31	0	0	213	2	94	1
1134	7981	1355	1356	71	0	0	374	4	0	0
1135	7982	1296	1357	167	0	0	187	2	204	1
1136	7983	1357	1358	8	0	0	0	0	119	1
1137	7984	1359	1360	20	0	0	0	0	0	0
1138	7985	1359	856	58	0	0	204	1	204	1
1139	7986	1361	1362	18	0	0	1309	14	0	0
1140	7987	1362	587	54	0	0	1029	11	0	0
1141	7988	684	1363	64	0	0	0	0	0	0
1142	7989	1363	1364	91	0	0	94	1	0	0
1143	7990	1365	1366	23	0	0	0	0	94	1
1144	7991	1366	1367	52	0	0	188	2	374	4
1145	7992	1368	1369	49	0	0	0	0	0	0
1146	8003	329	102	216	0	0	0	0	816	4
1147	8016	1326	105	633	0	0	0	0	0	0
1148	8017	105	1370	21	0	0	0	0	0	0
1149	8027	122	118	83	0	0	0	0	0	0
1150	8035	118	1371	152	0	0	0	0	0	0
1151	8073	170	1372	21	0	0	0	0	0	0
1152	8074	1372	169	128	0	0	204	1	0	0
1153	8075	169	1373	552	0	0	0	0	0	0
1154	8077	184	185	21	0	0	0	0	0	0
1155	8078	722	182	68	0	0	0	0	0	0
1156	8090	36	157	178	0	0	0	0	298	2
1157	8091	97	100	80	0	0	187	2	281	3
1158	8094	1334	172	53	0	0	119	1	281	3
1159	8095	172	163	5	0	0	0	0	0	0
1160	8096	657	197	236	0	0	578	5	1122	7
1161	8097	197	656	108	0	0	94	1	204	1
1162	8100	185	34	52	0	0	0	0	0	0
1163	8101	722	803	157	0	0	0	0	204	1
1164	8102	1374	193	219	0	0	1020	2	0	0
1165	8104	1076	199	31	0	0	0	0	323	2
1166	8105	199	173	49	0	0	187	2	374	4
1167	8106	823	152	72	0	0	0	0	0	0
1168	8107	176	166	10	0	0	0	0	0	0
1169	8108	176	1375	139	0	0	187	2	1004	6
1170	8109	1376	166	140	0	0	0	0	468	5
1171	8119	1077	146	37	0	0	94	1	298	2
1172	8120	146	1272	44	0	0	0	0	519	5
1173	8122	1378	283	49	0	0	94	1	0	0
1174	8123	283	1379	13	0	0	0	0	0	0
1175	8126	444	1382	4	0	0	0	0	0	0
1176	8127	1382	1383	57	0	0	901	4	391	3
1177	8130	1384	170	44	0	0	0	0	0	0
1178	8154	1139	1385	195	0	0	213	2	816	4
1179	8155	1385	995	36	0	0	204	1	0	0
1180	8158	795	78	140	0	0	0	0	0	0
1181	8159	78	796	20	0	0	0	0	0	0
1182	8209	11	9	59	0	0	0	0	0	0
1183	8211	1386	255	17	0	0	0	0	0	0
1184	8213	1387	1388	54	0	0	0	0	0	0
1185	8214	1388	1389	62	0	0	680	2	0	0
1186	8215	1390	1391	12	0	0	0	0	332	3
1187	8216	1391	1392	64	0	0	0	0	281	3
1188	8217	1393	1394	29	0	0	0	0	0	0
1189	8218	1394	1395	90	0	0	400	4	510	4
1190	8219	706	1396	11	0	0	0	0	0	0
1191	8220	1396	864	41	0	0	238	2	391	3
1192	8221	1381	1397	96	0	0	0	0	0	0
1193	8223	925	1398	67	0	0	0	0	1097	7
1194	8224	1398	926	13	0	0	0	0	0	0
1195	8226	386	1399	164	0	0	578	3	204	1
1196	8227	1399	1400	85	0	0	459	2	204	1
1197	8230	435	1402	35	0	0	0	0	187	2
1198	8231	1402	436	3	0	0	0	0	0	0
1199	8232	1403	1404	5	0	0	510	1	0	0
1200	8233	1405	1406	55	0	0	306	3	187	2
1201	8262	639	985	283	0	0	0	0	0	0
1202	8265	1000	612	68	0	0	94	1	0	0
1203	8267	1407	1408	239	0	0	0	0	0	0
1204	8268	1350	1409	111	0	0	502	3	187	2
1205	8269	1410	1411	636	0	0	0	0	0	0
1206	8271	1412	1227	63	0	0	0	0	204	1
1207	8275	1413	1414	275	0	0	655	7	493	5
1208	8276	860	1415	17	0	0	0	0	0	0
1209	8277	1416	1417	94	0	0	94	1	825	5
1210	8279	1418	1419	152	0	0	0	0	0	0
1211	8281	952	958	206	0	0	0	0	0	0
1212	8283	1420	1421	12	0	0	0	0	0	0
1213	8284	955	1422	55	0	0	187	2	391	3
1214	8285	952	957	134	0	0	0	0	0	0
1215	8286	957	1423	156	0	0	0	0	0	0
1216	8287	1424	1423	152	0	0	0	0	0	0
1217	8288	887	1425	53	0	0	391	3	281	3
1218	8295	1426	1427	93	0	0	187	2	323	2
1219	8296	1236	1428	89	0	0	0	0	119	1
1220	8297	1428	1429	9	0	0	0	0	0	0
1221	8298	1430	1431	60	0	0	119	1	298	2
1222	8299	1431	1432	91	0	0	298	2	612	3
1223	8302	1433	1434	174	0	0	0	0	0	0
1224	8303	1435	1436	36	0	0	94	1	332	3
1225	8304	1437	1438	36	0	0	306	3	298	2
1226	8305	1439	1440	24	0	0	2040	4	0	0
1227	8306	1441	1442	36	0	0	94	1	187	2
1228	8307	1443	1444	37	0	0	0	0	374	4
1229	8308	413	1355	194	0	0	935	10	0	0
1230	8309	1445	1446	58	0	0	1870	20	0	0
1231	8310	455	1447	72	0	0	119	1	119	1
1232	8312	1448	1449	128	0	0	0	0	408	2
1233	8313	1449	1450	620	0	0	119	1	298	2
1234	8314	1451	1452	63	0	0	187	2	893	6
1235	8315	1453	1454	35	0	0	94	1	0	0
1236	8316	1455	1456	39	0	0	0	0	0	0
1237	8317	1223	1457	12	0	0	0	0	119	1
1238	8318	1457	1458	243	0	0	1216	11	995	8
1239	8332	180	1459	492	0	0	0	0	298	2
1240	8333	1459	1460	148	0	0	0	0	0	0
1241	8334	1349	1459	144	0	0	0	0	94	1
1242	8335	1461	189	55	0	0	204	1	0	0
1243	8337	1462	1371	1574	0	0	94	1	400	4
1244	8343	1410	33	1793	0	0	0	0	0	0
1245	8344	563	1463	131	0	0	0	0	0	0
1246	8345	1463	1464	17	0	0	3060	6	0	0
1247	8347	1465	1466	294	0	0	0	0	0	0
1248	8348	1424	1465	80	0	0	0	0	0	0
1249	8349	1467	567	29	0	0	374	4	306	3
1250	8350	1468	885	26	0	0	0	0	94	1
1251	8351	1469	885	29	0	0	655	7	298	2
1252	8352	609	1470	581	0	0	0	0	408	2
1253	8353	723	738	281	0	0	119	1	0	0
1254	8355	1471	988	591	0	0	94	1	0	0
1255	8356	1011	1284	9	0	0	0	0	0	0
1256	8361	882	1365	42	0	0	0	0	0	0
1257	8362	1472	1473	32	0	0	281	3	0	0
1258	8365	1474	1475	94	0	0	0	0	0	0
1259	8366	1476	617	20	0	0	408	2	94	1
1260	8367	1477	1476	50	0	0	94	1	1029	6
1261	8368	1478	1479	12	0	0	0	0	0	0
1262	8369	945	1478	115	0	0	213	2	893	6
1263	8372	1480	1481	307	0	0	0	0	204	1
1264	8373	1482	1483	38	0	0	0	0	0	0
1265	8374	1481	1482	323	0	0	0	0	0	0
1266	8375	1482	1484	259	0	0	0	0	204	1
1267	8387	532	1485	157	0	0	0	0	0	0
1268	8388	1332	532	205	0	0	0	0	94	1
1269	8389	1343	1486	265	0	0	281	3	187	2
1270	8390	1486	1344	143	0	0	94	1	204	1
1271	8391	1330	1316	381	0	0	0	0	0	0
1272	8392	1316	1290	21	0	0	0	0	0	0
1273	8393	628	1487	203	0	0	961	10	697	6
1274	8394	1488	1489	214	0	0	1548	14	187	2
1275	8416	1490	1491	103	0	0	94	1	510	4
1276	8444	422	1492	118	0	0	0	0	0	0
1277	8445	637	422	724	0	0	0	0	204	1
1278	8450	593	1493	234	0	0	0	0	94	1
1279	8456	1283	1494	354	0	0	204	1	0	0
1280	8457	1494	1495	214	0	0	204	1	0	0
1281	8458	1494	641	345	0	0	2550	5	0	0
1282	8459	712	1471	28	0	0	94	1	0	0
1283	8460	1471	335	17	0	0	0	0	0	0
1284	8477	1496	140	139	0	0	0	0	204	1
1285	8478	140	1492	238	0	0	0	0	0	0
1286	8481	1498	1499	308	0	0	0	0	187	2
1287	8482	794	1500	590	0	0	0	0	0	0
1288	8484	440	868	79	0	0	1828	5	0	0
1289	8485	1019	440	17	0	0	0	0	0	0
1290	8508	1501	1172	79	0	0	0	0	0	0
1291	8570	1483	1502	20	0	0	0	0	0	0
1292	8803	1503	1498	265	0	0	94	1	0	0
1293	9112	1504	67	422	0	0	0	0	119	1
1294	9210	96	269	40	0	0	0	0	204	1
1295	9221	1505	329	51	0	0	0	0	527	3
1296	9222	1505	316	33	0	0	0	0	0	0
1297	9223	316	319	26	0	0	0	0	0	0
1298	9224	1505	319	36	0	0	0	0	204	1
1299	9239	299	301	76	0	0	187	2	502	3
1300	9248	303	1506	39	0	0	0	0	298	2
1301	9250	726	1507	341	0	0	204	1	323	2
1302	9251	303	1508	30	0	0	0	0	94	1
1303	9252	1508	304	29	0	0	0	0	119	1
1304	9253	1508	1509	40	0	0	0	0	408	2
1305	9399	716	1510	178	0	0	0	0	0	0
1306	9400	1510	747	155	0	0	0	0	204	1
1307	9401	1511	1512	23	0	0	0	0	204	1
1308	9402	1512	718	121	0	0	0	0	187	2
1309	9403	309	721	75	0	0	238	2	204	1
1310	9404	730	302	11	0	0	204	1	0	0
1311	9472	1513	1514	665	0	0	0	0	0	0
1312	9474	1515	1516	360	0	0	0	0	0	0
1313	9475	804	1513	928	0	0	0	0	0	0
1314	9481	1514	1518	251	0	0	0	0	0	0
1315	9482	1514	1515	25	0	0	0	0	0	0
1316	9483	1515	1517	346	0	0	0	0	0	0
1317	9484	1517	1519	302	0	0	0	0	510	1
1318	9485	1520	1258	63	0	0	0	0	0	0
1319	9499	1521	1522	376	0	0	0	0	0	0
1320	9501	1523	1524	50	0	0	0	0	0	0
1321	9502	1524	1521	465	0	0	0	0	0	0
1322	9503	401	1525	50	0	0	0	0	0	0
1323	9504	1526	1527	522	0	0	0	0	204	1
1324	9505	640	1527	261	0	0	0	0	0	0
1325	9508	1529	1498	357	0	0	94	1	204	1
1326	9509	1499	1530	166	0	0	0	0	204	1
1327	9510	1530	1531	287	0	0	0	0	0	0
1328	9511	1532	1531	447	0	0	204	1	306	3
1329	9512	1531	1528	51	0	0	0	0	0	0
1330	9513	1528	1533	199	0	0	0	0	204	1
1331	9515	1497	1516	70	0	0	0	0	94	1
1332	9516	1516	1534	162	0	0	0	0	408	2
1333	9541	124	424	82	0	0	0	0	0	0
1334	9600	1520	664	163	0	0	0	0	94	1
1335	9601	609	1535	24	0	0	0	0	0	0
1336	9602	1341	983	1176	0	0	0	0	0	0
1337	9603	1536	1255	30	0	0	0	0	0	0
1338	9604	1312	1314	9	0	0	0	0	0	0
1339	9605	1314	112	53	0	0	0	0	187	2
1340	9606	112	1519	21	0	0	0	0	204	1
1341	9607	1341	665	435	0	0	0	0	0	0
1342	9608	665	1526	634	0	0	0	0	298	2
1343	9610	1242	1537	280	0	0	0	0	0	0
1344	9612	1537	1523	189	0	0	510	1	0	0
1345	9615	786	871	55	0	0	0	0	0	0
1346	9616	786	1538	14	0	0	0	0	0	0
1347	9617	775	871	31	0	0	0	0	0	0
1348	9619	1518	1533	671	0	0	0	0	204	1
1349	9620	1529	794	739	0	0	94	1	94	1
1350	9623	27	988	849	0	0	0	0	0	0
1351	9624	27	273	116	0	0	0	0	0	0
1352	9628	279	1539	27	0	0	94	1	204	1
1353	9629	1540	1541	16	0	0	306	3	306	3
1354	9631	1140	1542	23	0	0	0	0	204	1
1355	9632	1543	1142	26	0	0	0	0	0	0
1356	9633	1142	1544	15	0	0	0	0	94	1
1357	9634	771	1544	84	0	0	187	2	204	1
1358	9635	1544	1543	58	0	0	502	3	0	0
1359	9636	1545	1546	55	0	0	408	2	893	6
1360	9637	528	785	201	0	0	536	4	1598	13
1361	9638	773	1545	50	0	0	204	1	0	0
1362	9639	1545	1547	59	0	0	187	2	94	1
1363	9640	1545	701	24	0	0	0	0	0	0
1364	9641	1547	1548	36	0	0	213	2	298	2
1365	9642	1549	972	55	0	0	94	1	187	2
1366	9650	1550	1551	35	0	0	94	1	408	2
1367	9651	1551	1552	64	0	0	400	4	298	2
1368	9652	1553	1554	35	0	0	187	2	408	2
1369	9653	1554	1555	68	0	0	187	2	595	4
1370	9655	1277	1540	13	0	0	94	1	0	0
1371	9656	1073	1556	44	0	0	612	3	0	0
1372	9657	163	1557	23	0	0	0	0	400	4
1373	9658	1017	1558	31	0	0	1046	8	485	4
1374	9659	493	1559	33	0	0	94	1	298	2
1375	9660	1079	513	42	0	0	0	0	0	0
1376	9662	1560	1561	52	0	0	0	0	298	2
1377	9663	1562	1563	65	0	0	0	0	1020	2
1378	9664	1116	1564	66	0	0	595	4	187	2
1379	9665	492	1083	22	0	0	0	0	298	2
1380	9666	1083	1074	63	0	0	94	1	706	4
1381	9667	1074	1565	6	0	0	204	1	0	0
1382	9668	1566	1567	7	0	0	0	0	0	0
1383	9669	1567	1568	44	0	0	510	1	0	0
1384	9670	1569	1570	42	0	0	213	2	306	3
1385	9671	1570	1571	17	0	0	0	0	0	0
1386	9673	1572	1571	81	0	0	0	0	0	0
1387	9699	948	1574	61	0	0	0	0	876	7
1388	9700	569	1575	38	0	0	94	1	391	3
1389	9703	47	1576	73	0	0	1938	5	0	0
1390	9707	1577	565	28	0	0	748	8	204	1
1391	9708	565	1578	27	0	0	374	4	374	4
1392	9709	569	914	106	0	0	204	1	502	3
1393	9710	1579	921	170	0	0	425	4	969	8
1394	9711	947	1580	60	0	0	0	0	757	7
1395	9713	1393	1581	62	0	0	281	3	604	5
1396	9714	1582	1583	56	0	0	281	3	298	2
1397	9715	1473	1584	9	0	0	0	0	0	0
1398	9716	1584	1585	62	0	0	119	1	94	1
1399	9717	1586	1587	38	0	0	213	2	187	2
1400	9718	1588	941	71	0	0	782	6	417	3
1401	9719	1397	248	92	0	0	94	1	204	1
1402	9720	1381	1589	101	0	0	94	1	442	3
1403	9721	1589	562	337	0	0	510	1	502	3
1404	9726	958	1590	166	0	0	187	2	782	6
1405	9727	1380	1589	104	0	0	0	0	510	1
1406	9728	1591	942	167	0	0	0	0	0	0
1407	9729	1592	1593	72	0	0	3060	6	0	0
1408	9730	1593	1594	12	0	0	0	0	0	0
1409	9731	1594	1595	32	0	0	0	0	281	3
1410	9732	1595	915	175	0	0	621	4	1522	11
1411	9733	915	944	188	0	0	213	2	825	8
1412	9734	944	1596	70	0	0	0	0	0	0
1413	9735	1596	1597	92	0	0	0	0	0	0
1414	9736	1597	910	172	0	0	94	1	1445	14
1415	9737	910	1598	39	0	0	0	0	281	3
1416	9738	1599	909	40	0	0	0	0	0	0
1417	9739	909	1596	207	0	0	94	1	2236	16
1418	9740	1424	564	12	0	0	0	0	0	0
1419	9741	567	1468	29	0	0	94	1	187	2
1420	9742	941	1393	58	0	0	94	1	204	1
1421	9743	1582	1586	34	0	0	0	0	0	0
1422	9744	954	680	32	0	0	0	0	204	1
1423	9745	887	878	104	0	0	0	0	94	1
1424	9746	878	1423	61	0	0	0	0	0	0
1425	9747	1322	1321	119	0	0	0	0	952	7
1426	9748	1321	1600	60	0	0	0	0	502	3
1427	9749	1601	938	93	0	0	119	1	0	0
1428	9750	939	1602	15	0	0	0	0	0	0
1429	9751	1602	1603	320	0	0	1853	16	3664	23
1430	9752	1604	347	239	0	0	825	5	2584	18
1431	9753	346	963	47	0	0	0	0	391	3
1432	9754	1605	1606	86	0	0	0	0	0	0
1433	9758	1591	1380	72	0	0	0	0	0	0
1434	9759	1397	912	86	0	0	0	0	706	4
1435	9760	912	402	10	0	0	0	0	0	0
1436	9761	47	427	20	0	0	0	0	0	0
1437	9762	428	1607	121	0	0	0	0	204	1
1438	9763	1607	616	10	0	0	0	0	0	0
1439	9764	616	967	113	0	0	799	5	1097	7
1440	9765	1605	942	27	0	0	0	0	0	0
1441	9767	891	1608	9	0	0	0	0	94	1
1442	9768	1608	1601	32	0	0	94	1	94	1
1443	9769	889	1322	90	0	0	1208	7	706	4
1444	9770	895	444	51	0	0	918	3	808	3
1445	9771	931	1609	15	0	0	0	0	0	0
1446	9772	1609	1610	51	0	0	298	2	391	3
1447	9773	1610	1611	122	0	0	391	3	1624	13
1448	9774	1611	1612	20	0	0	94	1	94	1
1449	9775	617	251	38	0	0	0	0	706	4
1450	9776	1592	570	70	0	0	204	1	604	2
1451	9777	570	1479	7	0	0	0	0	94	1
1452	9778	1479	428	137	0	0	306	3	1615	9
1453	9779	1613	1288	63	0	0	94	1	485	4
1454	9780	1028	1614	72	0	0	187	2	604	5
1455	9781	348	1613	74	0	0	0	0	0	0
1456	9785	352	1022	51	0	0	298	2	0	0
1457	9787	1615	338	150	0	0	0	0	493	5
1458	9788	1616	1617	154	0	0	876	7	893	6
1459	9789	1618	1619	201	0	0	1216	13	1267	10
1460	9790	1070	1620	68	0	0	187	2	374	4
1461	9791	1621	1072	56	0	0	213	2	94	1
1462	9792	1621	1622	116	0	0	680	7	510	4
1463	9793	1073	1623	154	0	0	332	3	1216	8
1464	9794	173	162	37	0	0	0	0	595	4
1465	9795	162	1624	32	0	0	0	0	187	2
1466	9796	1075	201	24	0	0	0	0	94	1
1467	9797	1334	1625	53	0	0	94	1	94	1
1468	9798	1566	493	40	0	0	0	0	0	0
1469	9799	1080	1176	29	0	0	0	0	0	0
1470	9800	1082	1626	31	0	0	0	0	0	0
1471	9801	1626	508	29	0	0	0	0	0	0
1472	9802	1627	1626	34	0	0	94	1	0	0
1473	9803	1082	1628	16	0	0	0	0	0	0
1474	9804	1629	510	55	0	0	0	0	0	0
1475	9805	512	501	38	0	0	204	1	204	1
1476	9806	1630	1631	152	0	0	281	3	731	7
1477	9807	1632	1633	152	0	0	0	0	893	9
1478	9808	1634	1635	94	0	0	298	2	485	4
1479	9809	1635	1632	98	0	0	204	1	893	6
1480	9810	1632	1630	99	0	0	94	1	578	5
1481	9811	1630	1636	99	0	0	306	3	306	3
1482	9812	1636	1637	25	0	0	94	1	0	0
1483	9813	1202	1634	63	0	0	0	0	0	0
1484	9814	1634	1638	105	0	0	697	3	298	2
1485	9815	1638	1639	49	0	0	0	0	0	0
1486	9816	1639	1640	65	0	0	0	0	94	1
1487	9817	221	1641	174	0	0	697	6	782	6
1488	9818	1641	1642	30	0	0	94	1	204	1
1489	9819	1642	1643	26	0	0	0	0	0	0
1490	9820	1643	1644	91	0	0	0	0	0	0
1491	9821	1645	1646	116	0	0	94	1	782	6
1492	9822	1647	1375	131	0	0	799	5	391	3
1493	9824	1376	1170	192	0	0	204	1	188	2
1494	9826	1173	652	33	0	0	0	0	0	0
1495	9829	1648	1649	66	0	0	0	0	298	2
1496	9830	1649	1650	34	0	0	0	0	204	1
1497	9831	1650	1651	36	0	0	0	0	0	0
1498	9832	1401	1652	42	0	0	0	0	298	2
1499	9838	1379	1606	92	2244	24	0	0	0	0
1500	9842	1606	1653	17	0	0	3740	40	0	0
1501	9843	1653	1410	117	0	0	0	0	0	0
1502	9844	1654	1229	90	0	0	2040	4	0	0
1503	9845	1410	1229	129	0	0	340	1	0	0
1504	9847	1655	873	63	0	0	187	2	187	2
1505	9848	1656	1657	66	0	0	187	2	468	5
1506	9849	1658	1416	121	0	0	281	3	689	5
1507	9850	1658	1659	121	0	0	94	1	281	3
1508	9851	1659	1660	36	0	0	94	1	119	1
1509	9852	1660	1661	37	0	0	0	0	187	2
1510	9853	1661	1416	56	0	0	0	0	0	0
1511	9854	1662	1663	19	0	0	0	0	0	0
1512	9855	1026	1662	46	0	0	510	1	0	0
1513	9856	1027	1664	47	0	0	510	1	94	1
1514	9861	1665	1666	68	0	0	0	0	94	1
1515	9862	1666	1667	66	0	0	306	3	94	1
1516	9863	1668	1669	93	0	0	0	0	0	0
1517	9864	1669	1670	3	0	0	0	0	0	0
1518	9865	1418	1671	52	0	0	1020	2	204	1
1519	9866	1672	1673	98	0	0	910	8	94	1
1520	9867	1409	375	171	0	0	519	5	298	2
1521	9868	375	1674	81	0	0	187	2	94	1
1522	9869	375	1675	71	0	0	0	0	0	0
1523	9870	682	373	59	0	0	0	0	94	1
1524	9871	1457	1676	116	0	0	604	2	502	3
1525	9872	1375	1200	45	0	0	0	0	0	0
1526	9873	1202	1646	44	0	0	119	1	119	1
1527	9874	1646	1205	32	0	0	0	0	0	0
1528	9875	1206	1677	58	0	0	0	0	204	1
1529	9876	1644	1678	47	0	0	0	0	298	2
1530	9877	853	1679	63	0	0	119	1	298	2
1531	9878	1679	1376	149	0	0	714	5	1190	8
1532	9940	1179	1053	80	0	0	604	5	323	2
1533	9941	1177	1680	41	0	0	94	1	391	3
1534	9942	505	1681	224	0	0	816	7	1267	10
1535	9943	1090	1060	120	0	0	0	0	621	4
1536	9944	1060	1058	63	0	0	94	1	204	1
1537	9945	1058	1056	62	0	0	94	1	187	2
1538	9946	980	1682	44	0	0	94	1	0	0
1539	9947	1682	1062	60	0	0	0	0	0	0
1540	9948	1062	1065	58	0	0	0	0	0	0
1541	9949	1551	1683	62	0	0	0	0	94	1
1542	9950	1683	1554	64	0	0	0	0	0	0
1543	9951	1554	1684	44	0	0	0	0	0	0
1544	9952	1685	1683	34	0	0	238	2	187	2
1545	9953	1683	1686	66	0	0	0	0	808	6
1546	9954	1687	1682	33	0	0	94	1	323	2
1547	9955	1682	1688	35	0	0	391	3	94	1
1548	9956	1689	1690	35	0	0	187	2	0	0
1549	9957	1690	1691	80	0	0	94	1	298	2
1550	9958	1691	1692	54	0	0	187	2	94	1
1551	9987	503	510	75	0	0	94	1	612	3
1552	9988	1629	1693	102	0	0	298	2	952	7
1553	9989	658	508	56	0	0	94	1	298	2
1554	9990	541	1618	54	0	0	0	0	0	0
1555	9991	1691	1125	25	0	0	187	2	0	0
1556	9993	774	1694	10	0	0	0	0	94	1
1557	9994	1694	1562	51	0	0	0	0	204	1
1558	9995	1562	1560	108	0	0	187	2	791	7
1559	9996	1560	1695	35	0	0	510	1	94	1
1560	9997	1695	1696	27	0	0	119	1	0	0
1561	9998	1696	1697	40	0	0	0	0	0	0
1562	9999	663	1697	91	0	0	298	2	595	4
1563	10000	1697	1087	185	0	0	94	1	825	5
1564	10001	1275	1698	92	0	0	0	0	0	0
1565	10002	1698	1034	50	0	0	0	0	0	0
1566	10003	1694	1699	65	0	0	510	1	204	1
1567	10004	1148	1700	52	0	0	0	0	281	3
1568	10005	1148	547	72	0	0	0	0	485	4
1569	10006	548	1701	75	0	0	281	3	0	0
1570	10009	980	1684	130	0	0	0	0	0	0
1571	10012	1689	497	20	0	0	0	0	0	0
1572	10013	1616	1618	115	0	0	94	1	94	1
1573	10015	1690	1702	48	0	0	468	5	94	1
1574	10034	1651	1703	63	0	0	94	1	94	1
1575	10035	1411	168	21	0	0	0	0	0	0
1576	10036	400	1501	57	0	0	298	2	94	1
1577	10037	1704	1169	62	0	0	0	0	0	0
1578	10039	1170	1705	76	0	0	0	0	0	0
1579	10040	1705	1411	64	0	0	0	0	204	1
1580	10041	1706	1707	40	0	0	187	2	374	4
1581	10042	1707	1194	31	0	0	0	0	187	2
1582	10043	852	1648	130	0	0	94	1	1190	9
1583	10044	846	1650	111	0	0	442	3	442	3
1584	10045	845	1703	93	0	0	213	2	485	4
1585	10046	849	1379	76	0	0	119	1	94	1
1586	10048	1421	1708	60	0	0	485	4	391	3
1587	10049	1420	1709	50	0	0	0	0	527	3
1588	10050	913	1710	16	0	0	187	2	94	1
1589	10054	1660	1711	38	0	0	0	0	0	0
1590	10055	1661	1712	73	0	0	0	0	510	1
1591	10056	956	1420	25	0	0	0	0	0	0
1592	10060	1713	1426	25	0	0	204	1	0	0
1593	10061	1714	1715	69	0	0	485	4	485	4
1594	10062	1716	1536	524	0	0	0	0	0	0
1595	10063	1364	769	46	0	0	0	0	0	0
1596	10064	221	1677	108	0	0	0	0	281	3
1597	10066	1717	1671	315	0	0	1403	15	1420	9
1598	10068	1672	1352	103	0	0	680	7	187	2
1599	10069	1718	426	46	0	0	281	3	187	2
1600	10070	1026	1027	102	0	0	0	0	0	0
1601	10072	573	1719	23	0	0	94	1	0	0
1602	10073	1719	1720	170	0	0	629	5	298	2
1603	10074	1720	1676	127	0	0	187	2	332	3
1604	10075	1721	1722	26	0	0	0	0	94	1
1605	10076	1419	1664	91	0	0	0	0	281	3
1606	10077	1662	1723	37	0	0	0	0	94	1
1607	10078	1666	1724	152	0	0	1335	6	825	5
1608	10083	33	1665	95	0	0	94	1	94	1
1609	10085	1031	1377	94	0	0	0	0	0	0
1610	10086	1377	1025	33	0	0	94	1	0	0
1611	10087	1665	1725	128	0	0	714	5	298	2
1612	10089	371	1724	50	0	0	0	0	595	4
1613	10090	574	1727	23	0	0	298	2	0	0
1614	10091	1676	1728	97	0	0	298	2	0	0
1615	10092	215	1719	36	0	0	0	0	0	0
1616	10093	1369	1729	95	0	0	281	3	0	0
1617	10094	1730	1731	69	0	0	400	4	94	1
1618	10096	962	1732	33	0	0	2040	4	0	0
1619	10097	1733	1198	83	0	0	468	5	0	0
1620	10098	1196	1733	105	0	0	3060	6	0	0
1621	10099	1221	1734	73	0	0	0	0	0	0
1622	10100	1734	1735	73	0	0	0	0	0	0
1623	10102	1733	652	32	0	0	0	0	0	0
1624	10117	1736	1737	57	0	0	119	1	238	2
1625	10118	1029	1738	107	0	0	0	0	0	0
1626	10119	1739	1024	63	0	0	94	1	204	1
1627	10120	1740	1741	33	0	0	0	0	298	2
1628	10123	1742	1743	43	0	0	1530	3	0	0
1629	10126	1161	1162	15	0	0	0	0	0	0
1630	10146	1088	1746	47	0	0	0	0	0	0
1631	10149	859	1166	191	0	0	0	0	0	0
1632	10150	1747	1748	65	0	0	4032	36	0	0
1633	10151	1749	1747	16	0	0	0	0	0	0
1634	10152	1750	1751	85	0	0	1428	10	0	0
1635	10153	596	524	38	0	0	510	1	706	4
1636	10154	1015	596	46	0	0	0	0	0	0
1637	10156	1752	1164	44	0	0	119	1	0	0
1638	10157	810	1753	30	0	0	0	0	714	2
1639	10158	862	1754	75	0	0	0	0	94	1
1640	10159	427	1755	91	0	0	714	2	0	0
1641	10160	686	1756	133	0	0	3460	13	0	0
1642	10161	692	1757	130	0	0	2040	4	0	0
1643	10162	1147	1758	36	0	0	94	1	306	3
1644	10163	1176	1759	34	0	0	94	1	94	1
1645	10239	75	73	34	0	0	0	0	204	1
1646	10284	356	368	97	0	0	0	0	0	0
1647	10285	1101	1093	86	0	0	0	0	94	1
1648	10286	1760	1761	30	0	0	0	0	0	0
1649	10287	1761	71	29	0	0	204	1	0	0
1650	10294	850	1762	91	0	0	0	0	527	3
1651	10295	1327	1259	118	0	0	0	0	187	2
1652	10299	32	1763	115	0	0	0	0	119	1
1653	10300	1764	1765	73	0	0	391	3	94	1
1654	10301	1766	1767	112	0	0	757	7	0	0
1655	10302	1723	1667	163	0	0	0	0	94	1
1656	10304	1768	1769	26	0	0	187	2	0	0
1657	10314	1346	1122	161	0	0	0	0	0	0
1658	10315	1346	1770	429	0	0	94	1	0	0
1659	10334	1670	1771	47	0	0	2040	4	0	0
1660	10335	1319	1772	30	0	0	213	2	0	0
1661	10348	1481	1773	90	0	0	0	0	204	1
1662	10354	1774	1746	73	0	0	0	0	0	0
1663	10356	1775	1776	66	0	0	0	0	204	1
1664	10357	1777	1778	66	0	0	510	1	119	1
1665	10360	1608	1779	114	0	0	0	0	1020	2
1666	10362	1780	1781	43	0	0	204	1	204	1
1667	10363	1477	1782	31	0	0	714	2	0	0
1668	10364	1783	1784	39	0	0	94	1	323	2
1669	10365	397	1185	80	0	0	0	0	0	0
1670	10366	700	843	120	0	0	0	0	0	0
1671	10367	1785	1786	21	0	0	1020	2	0	0
1672	10368	1256	1787	45	0	0	1020	2	0	0
1673	10369	1788	1789	18	0	0	0	0	94	1
1674	10371	1790	1791	29	0	0	1020	2	0	0
1675	10373	1792	943	124	0	0	510	1	510	1
1676	10374	814	1793	69	0	0	204	1	765	7
1677	10375	1793	812	49	0	0	0	0	1003	6
1678	10376	838	1794	6	0	0	0	0	0	0
1679	10377	1794	850	95	0	0	0	0	417	3
1680	10378	1370	1795	321	0	0	0	0	0	0
1681	10379	1796	1370	279	0	0	94	1	0	0
1682	10380	1325	1797	171	0	0	0	0	0	0
1683	10381	1798	1797	72	0	0	94	1	0	0
1684	10383	24	1134	901	0	0	0	0	0	0
1685	10384	1799	24	88	0	0	0	0	204	1
1686	10385	1230	1800	231	0	0	0	0	510	1
1687	10386	1373	1801	31	0	0	0	0	119	1
1688	10387	404	582	76	0	0	213	2	0	0
1689	10389	1802	1144	97	0	0	298	2	0	0
1690	10390	1140	1803	23	0	0	0	0	298	2
1691	10391	1163	1804	16	0	0	94	1	0	0
1692	10392	1804	1161	15	0	0	0	0	0	0
1693	10393	1144	144	88	0	0	0	0	204	1
1694	10394	144	1802	147	0	0	519	5	298	2
1695	10395	1802	1805	64	0	0	306	3	0	0
1696	10396	1364	1806	36	0	0	0	0	0	0
1697	10397	1806	1807	53	0	0	1020	2	0	0
1698	10443	1470	1809	151	0	0	0	0	0	0
1699	10445	1810	1376	44	0	0	0	0	0	0
1700	10446	1123	1811	307	0	0	0	0	0	0
1701	10447	1811	1137	667	0	0	204	1	0	0
1702	10448	1812	1811	224	0	0	0	0	94	1
1703	10449	602	1813	537	0	0	0	0	94	1
1704	10450	1814	142	42	0	0	94	1	0	0
1705	10461	1815	32	904	0	0	0	0	391	3
1706	10504	1496	1816	267	0	0	0	0	94	1
1707	10505	1817	1349	98	0	0	204	1	0	0
1708	10506	1297	515	20	0	0	0	0	94	1
1709	10507	1450	1384	287	0	0	0	0	0	0
1710	10509	1818	560	125	0	0	94	1	0	0
1711	10515	1819	25	327	0	0	0	0	204	1
1712	10516	291	1536	43	0	0	94	1	204	1
1713	10517	292	1820	379	0	0	0	0	434	2
1714	10518	990	1821	100	0	0	0	0	0	0
1715	10519	1821	792	224	0	0	0	0	0	0
1716	10520	1821	1822	71	0	0	0	0	119	1
1717	10540	1286	1823	65	0	0	731	4	187	2
1718	10541	1823	1592	22	0	0	0	0	0	0
1719	10542	251	1286	60	0	0	374	4	646	4
1720	10543	1824	614	29	0	0	94	1	204	1
1721	10544	968	615	158	0	0	578	5	1488	10
1722	10545	1825	1826	130	0	0	417	3	833	6
1723	10547	940	1827	107	0	0	187	2	621	4
1724	10548	1827	929	95	0	0	94	1	408	2
1725	10550	1475	1828	52	0	0	1836	9	0	0
1726	10551	1585	1586	17	0	0	0	0	204	1
1727	10552	1590	1615	46	0	0	0	0	298	2
1728	10553	963	1829	24	0	0	0	0	323	2
1729	10554	1829	960	180	0	0	578	5	1020	8
1730	10556	1830	1778	38	0	0	187	2	0	0
1731	10557	432	1830	28	0	0	4047	11	0	0
1732	10567	869	965	30	0	0	918	3	408	2
1733	10568	934	1831	7	0	0	0	0	204	1
1734	10569	966	950	144	0	0	0	0	0	0
1735	10571	1165	1832	32	0	0	468	5	119	1
1736	10572	1832	1163	42	0	0	0	0	0	0
1737	10573	1565	1833	6	0	0	0	0	0	0
1738	10574	1834	1270	25	0	0	94	1	493	5
1739	10575	1568	1835	300	0	0	1097	10	2329	17
1740	10576	1836	1837	45	0	0	408	2	417	3
1741	10577	1568	430	42	0	0	0	0	94	1
1742	10578	1838	1839	108	0	0	94	1	893	6
1743	10579	1571	1840	85	0	0	238	2	944	6
1744	10580	1841	1842	130	0	0	731	4	672	6
1745	10581	1572	1843	78	0	0	0	0	213	2
1746	10582	1843	1844	99	0	0	94	1	1003	6
1747	10583	561	1572	125	0	0	0	0	0	0
1748	10585	1035	496	69	0	0	0	0	0	0
1749	10586	1628	1629	38	0	0	417	3	94	1
1750	10587	504	1845	34	0	0	213	2	0	0
1751	10588	1845	1627	75	0	0	374	4	94	1
1752	10589	1627	507	98	0	0	0	0	0	0
1753	10591	514	1276	128	0	0	374	4	0	0
1754	10592	1077	1846	100	0	0	187	2	332	3
1755	10593	1846	1078	16	0	0	0	0	0	0
1756	10596	817	396	44	0	0	0	0	0	0
1757	10598	976	1110	167	0	0	0	0	0	0
1758	10600	1110	1847	32	0	0	0	0	187	2
1759	10601	1847	1068	157	0	0	961	8	510	4
1760	10602	1684	1689	237	0	0	0	0	0	0
1761	10604	500	1848	24	0	0	510	1	510	1
1762	10605	1848	534	40	0	0	0	0	1020	2
1763	10606	776	1278	67	0	0	281	3	0	0
1764	10607	772	1279	33	0	0	94	1	0	0
1765	10608	1542	1543	12	0	0	0	0	298	2
1766	10610	749	383	310	0	0	0	0	0	0
1767	10611	972	1849	18	0	0	0	0	0	0
1768	10612	1547	1280	45	0	0	187	2	0	0
1769	10613	1071	1110	16	0	0	0	0	0	0
1770	10615	1112	1089	22	0	0	0	0	204	1
1771	10617	1850	1090	35	0	0	0	0	94	1
1772	10618	446	1850	32	0	0	0	0	0	0
1773	10621	583	1851	41	0	0	204	1	0	0
1774	10622	1851	582	216	0	0	400	4	1437	8
1775	10623	211	215	8	0	0	0	0	0	0
1776	10627	287	1852	71	0	0	2040	4	0	0
1777	10630	1747	1853	27	0	0	0	0	0	0
1778	10631	259	75	27	0	0	204	1	0	0
1779	10633	1740	1599	101	0	0	187	2	502	3
1780	10634	1854	1855	60	0	0	187	2	706	7
1781	10635	1738	1030	81	0	0	0	0	0	0
1782	10636	598	1010	52	0	0	2329	16	0	0
1783	10637	1749	1856	30	0	0	0	0	0	0
1784	10639	1857	1018	70	0	0	281	3	204	1
1785	10640	1858	1109	368	0	0	0	0	723	3
1786	10644	1859	1860	75	0	0	0	0	408	2
1787	10645	1427	1861	46	0	0	94	1	0	0
1788	10646	1432	1861	49	0	0	94	1	187	2
1789	10651	1862	1863	73	0	0	332	3	536	4
1790	10652	1864	1452	4	0	0	0	0	0	0
1791	10660	31	1495	472	0	0	0	0	0	0
1792	10663	808	1865	56	0	0	0	0	0	0
1793	10665	687	1865	63	0	0	0	0	0	0
1794	10667	1538	1866	241	0	0	417	3	2508	18
1795	10668	1866	776	4	0	0	0	0	0	0
1796	10684	702	1867	27	0	0	187	2	204	1
1797	10685	1206	1868	40	0	0	204	1	204	1
1798	10686	1700	1869	28	0	0	0	0	187	2
1799	10690	1870	1871	23	0	0	0	0	94	1
1800	10691	1810	1679	197	0	0	119	1	213	2
1801	10694	406	1872	184	0	0	510	1	833	3
1802	10695	1873	1874	70	0	0	714	2	0	0
1803	10696	827	830	125	0	0	281	3	204	1
1804	10697	499	537	115	0	0	0	0	1734	4
1805	10698	1875	1609	49	0	0	119	1	0	0
1806	10699	1876	1824	30	0	0	187	2	0	0
1807	10700	1827	1877	34	0	0	0	0	94	1
1808	10701	568	1878	15	0	0	204	1	204	1
1809	10702	1711	1879	48	0	0	2040	4	0	0
1810	10703	1880	1881	93	0	0	0	0	0	0
1811	10709	860	1882	36	0	0	94	1	408	2
1812	10710	1883	1884	53	0	0	0	0	400	4
1813	10711	1885	1209	95	0	0	0	0	119	1
1814	10712	1886	391	80	0	0	0	0	1530	3
1815	10715	471	1887	40	0	0	510	1	0	0
1816	10716	1888	1889	40	0	0	510	1	0	0
1817	10717	460	1890	61	0	0	2040	4	0	0
1818	10725	1891	144	44	0	0	94	1	0	0
1819	10731	1892	1353	46	0	0	374	4	400	4
1820	10734	1893	1894	113	0	0	0	0	0	0
1821	10735	1895	150	25	0	0	0	0	0	0
1822	10736	1895	1893	83	0	0	0	0	0	0
1823	10738	1182	1285	117	0	0	0	0	0	0
1824	10741	1893	1896	217	0	0	0	0	94	1
1825	10742	1894	1896	318	0	0	0	0	0	0
1826	10743	1896	1895	304	0	0	0	0	0	0
1827	10748	1897	1408	233	0	0	281	3	0	0
1828	10750	1894	1898	146	0	0	1020	2	0	0
1829	10754	370	1032	155	0	0	0	0	0	0
1830	10760	1881	1664	46	0	0	0	0	0	0
1831	10761	1881	1899	85	0	0	3740	40	0	0
1832	10762	1663	1880	27	0	0	2244	24	0	0
1833	10763	1880	1900	85	0	0	3862	10	0	0
1834	10764	1901	1776	37	0	0	94	1	0	0
1835	10765	1776	1902	83	0	0	0	0	1241	8
1836	10766	384	1903	230	0	0	0	0	0	0
1837	10767	470	1904	23	0	0	374	4	0	0
1838	10768	1904	1905	25	0	0	0	0	510	1
1839	10769	700	1888	33	0	0	510	1	0	0
1840	10770	1888	1804	53	0	0	0	0	0	0
1841	10772	1889	1159	102	0	0	0	0	0	0
1842	10777	285	1873	165	0	0	0	0	0	0
1843	10783	1906	1870	24	0	0	0	0	391	3
1844	10784	1870	1645	58	0	0	94	1	306	3
1845	10796	1907	150	44	0	0	94	1	1020	2
1846	10798	1329	1908	56	0	0	0	0	94	1
1847	10834	1331	1909	140	0	0	204	1	0	0
1848	10835	1910	1911	74	0	0	94	1	0	0
1849	10838	1571	1838	90	0	0	0	0	187	2
1850	10839	1838	1841	87	0	0	94	1	238	2
1851	10840	1841	1912	60	0	0	187	2	731	4
1852	10842	1035	1913	38	0	0	0	0	0	0
1853	10843	1913	1037	51	0	0	0	0	0	0
1854	10844	1037	1914	30	0	0	0	0	0	0
1855	10845	1914	1039	43	0	0	0	0	0	0
1856	10846	1039	1041	44	0	0	0	0	0	0
1857	10847	1041	557	84	0	0	0	0	94	1
1858	10848	592	1046	59	0	0	298	2	298	2
1859	10849	1046	1915	9	0	0	0	0	204	1
1860	10850	1913	1916	85	0	0	468	5	612	3
1861	10851	1914	1917	76	0	0	391	3	468	5
1862	10852	557	1044	23	0	0	0	0	0	0
1863	10853	1044	1836	54	0	0	306	3	0	0
1864	10854	1077	1048	39	0	0	0	0	187	2
1865	10855	1048	1051	64	0	0	187	2	204	1
1866	10856	1051	1918	47	0	0	94	1	94	1
1867	10857	1698	1919	129	0	0	391	3	672	6
1868	10858	1919	1054	116	0	0	485	4	595	4
1869	10859	1034	815	38	0	0	0	0	0	0
1870	10861	815	1920	95	0	0	298	2	493	5
1871	10862	1920	1181	126	0	0	213	2	1505	9
1872	10863	1275	1177	29	0	0	0	0	94	1
1873	10864	1921	456	322	0	0	0	0	0	0
1874	10865	457	521	120	0	0	119	1	0	0
1875	10866	521	619	215	0	0	0	0	0	0
1876	10879	1922	1923	57	0	0	119	1	918	6
1877	10880	1924	1925	16	0	0	0	0	502	3
1878	10881	1926	1927	153	0	0	94	1	187	2
1879	10882	1928	1929	59	0	0	374	4	187	2
1880	10884	416	1210	41	0	0	0	0	94	1
1881	10888	1930	1931	12	0	0	323	2	204	1
1882	10889	1931	1932	9	0	0	0	0	434	2
1883	10890	1931	1933	44	0	0	0	0	94	1
1884	10892	1927	1934	15	0	0	0	0	0	0
1885	10894	1222	1922	43	0	0	0	0	213	2
1886	10895	1935	1933	55	0	0	187	2	417	3
1887	10896	1933	1936	116	0	0	0	0	927	7
1888	10897	1936	1937	86	0	0	94	1	578	5
1889	10898	1938	1934	64	0	0	0	0	204	1
1890	10899	1934	1939	49	0	0	0	0	0	0
1891	10900	1637	1927	74	0	0	408	2	213	2
1892	10901	1940	1926	45	0	0	213	2	187	2
1893	10902	1926	1941	14	0	0	0	0	0	0
1894	10904	1942	1943	81	0	0	0	0	94	1
1895	10905	1944	1945	99	0	0	391	3	0	0
1896	10906	1946	425	71	0	0	187	2	0	0
1897	10907	1947	1948	70	0	0	213	2	578	5
1898	10908	1949	620	1044	0	0	0	0	0	0
1899	10911	1735	1949	381	0	0	0	0	0	0
1900	10913	1942	627	71	0	0	94	1	400	4
1901	10914	1943	1950	74	0	0	561	6	94	1
1902	10915	1944	629	68	0	0	281	3	187	2
1903	10916	1945	1951	77	0	0	493	5	94	1
1904	10917	1946	1952	72	0	0	188	2	187	2
1905	10918	1953	1948	41	0	0	0	0	94	1
1906	10919	1452	1954	60	0	0	0	0	0	0
1907	10920	1489	1487	71	0	0	468	5	0	0
1908	10921	1487	1955	26	0	0	213	2	0	0
1909	10922	12	623	63	0	0	281	3	0	0
1910	10923	623	1956	97	0	0	374	4	94	1
1911	10924	16	1957	150	0	0	1046	10	213	2
1912	10925	1957	1958	32	0	0	0	0	0	0
1913	10926	18	1959	193	0	0	1046	10	485	4
1914	10927	1950	1488	116	0	0	655	7	281	3
1915	10928	630	1960	223	0	0	1488	13	391	3
1916	10929	1951	631	89	0	0	604	5	187	2
1917	10930	632	622	54	0	0	94	1	119	1
1918	10931	1952	633	28	0	0	94	1	0	0
1919	10932	1961	633	35	0	0	187	2	0	0
1920	10933	1673	1675	29	0	0	298	2	0	0
1921	10934	1675	632	189	0	0	885	8	400	4
1922	10935	1674	1962	28	0	0	213	2	0	0
1923	10936	1962	1963	91	0	0	298	2	213	2
1924	10937	1963	1964	35	0	0	0	0	0	0
1925	10938	1964	1455	56	0	0	0	0	0	0
1926	10939	635	1962	16	0	0	0	0	0	0
1927	10940	1458	1963	66	0	0	374	4	0	0
1928	10941	18	628	73	0	0	0	0	0	0
1929	10942	628	1488	72	0	0	0	0	0	0
1930	10943	1488	630	72	0	0	0	0	0	0
1931	10944	630	631	72	0	0	0	0	0	0
1932	10945	631	634	68	0	0	94	1	0	0
1933	10946	634	1675	38	0	0	0	0	0	0
1934	10949	1965	1966	37	0	0	0	0	0	0
1935	10950	1134	576	635	0	0	298	2	595	4
1936	10951	1967	1134	211	0	0	0	0	0	0
1937	10953	1300	1968	62	0	0	0	0	281	3
1938	10954	1969	448	25	0	0	0	0	0	0
1939	10955	1970	1969	440	0	0	0	0	204	1
1940	10956	1253	1251	31	0	0	0	0	0	0
1941	10957	1967	1127	269	0	0	0	0	94	1
1942	10958	71	1308	35	0	0	204	1	417	3
1943	10959	1308	1301	117	0	0	408	2	893	6
1944	10960	1299	1300	16	0	0	0	0	0	0
1945	10961	1249	449	15	0	0	0	0	0	0
1946	10962	515	1259	33	0	0	0	0	204	1
1947	10964	1971	1304	809	0	0	723	3	204	1
1948	10965	1972	1973	321	0	0	0	0	510	1
1949	10966	1795	1973	251	0	0	0	0	0	0
1950	10967	1973	1971	256	0	0	0	0	0	0
1951	10968	1795	1974	525	0	0	0	0	0	0
1952	10969	1326	1384	1166	0	0	0	0	0	0
1953	10970	1326	1338	147	0	0	0	0	119	1
1954	10971	205	1324	1554	0	0	0	0	0	0
1955	10991	533	1975	115	0	0	0	0	0	0
1956	10992	178	1976	254	0	0	0	0	94	1
1957	10994	454	1977	96	0	0	663	6	417	3
1958	10995	414	1234	155	0	0	0	0	0	0
1959	10996	1355	1235	115	0	0	0	0	0	0
1960	10997	411	1978	61	0	0	0	0	0	0
1961	10998	1978	149	9	0	0	0	0	0	0
1962	10999	149	454	59	0	0	0	0	0	0
1963	11000	454	1979	58	0	0	0	0	0	0
1964	11001	1979	1386	60	0	0	0	0	0	0
1965	11002	255	256	43	0	0	0	0	0	0
1966	11003	1980	1981	46	0	0	510	1	510	1
1967	11004	1234	1980	39	0	0	0	0	0	0
1968	11005	1980	1982	102	0	0	204	1	0	0
1969	11009	1922	1928	94	0	0	306	3	408	2
1970	11010	1928	1983	85	0	0	323	2	391	3
1971	11011	1389	1222	153	0	0	0	0	0	0
1972	11012	1389	1392	41	0	0	238	2	119	1
1973	11013	1392	1984	67	0	0	119	1	119	1
1974	11014	1984	1985	63	0	0	94	1	187	2
1975	11015	1986	1218	22	0	0	0	0	0	0
1976	11016	1218	1387	155	0	0	0	0	0	0
1977	11017	1387	1987	26	0	0	0	0	0	0
1978	11018	1987	1988	79	0	0	0	0	0	0
1979	11019	1988	1211	90	0	0	0	0	0	0
1980	11020	1982	1220	32	0	0	0	0	0	0
1981	11021	1220	1989	57	0	0	0	0	119	1
1982	11022	1990	1991	67	0	0	213	2	782	6
1983	11023	1992	1921	135	0	0	0	0	0	0
1984	11024	1217	1987	173	0	0	0	0	94	1
1985	11025	1678	1938	101	0	0	94	1	740	5
1986	11026	1211	414	623	0	0	0	0	0	0
1987	11027	1209	1210	130	0	0	0	0	94	1
1988	11028	1993	1598	85	0	0	0	0	995	8
1989	11030	1994	1956	72	0	0	187	2	238	2
1990	11032	1995	1996	100	0	0	204	1	1462	8
1991	11034	1949	1407	525	0	0	0	0	0	0
1992	11035	1718	1961	54	0	0	281	3	0	0
1993	11038	1965	1997	37	0	0	0	0	0	0
1994	11041	621	1964	28	0	0	0	0	0	0
1995	11042	2000	624	35	0	0	94	1	213	2
1996	11044	1456	2001	163	0	0	0	0	0	0
1997	11046	1455	572	54	0	0	204	1	94	1
1998	11047	1963	621	34	0	0	0	0	0	0
1999	11048	622	1960	71	0	0	374	4	119	1
2000	11049	1291	2002	57	0	0	306	3	0	0
2001	11055	21	1507	69	0	0	0	0	408	2
2002	11067	1242	1527	144	0	0	0	0	0	0
2003	11069	485	830	39	0	0	0	0	0	0
2004	11070	878	2003	50	0	0	94	1	519	5
2005	11071	2004	889	32	0	0	94	1	612	3
2006	11072	1601	2004	13	0	0	0	0	0	0
2007	11073	1838	2005	60	0	0	298	2	281	3
2008	11074	1084	1085	187	0	0	791	7	808	6
2009	11075	2006	1641	33	0	0	94	1	204	1
2010	11076	1642	2007	35	0	0	0	0	298	2
2011	11079	1004	1706	27	0	0	281	3	94	1
2012	11080	1173	1171	48	0	0	0	0	0	0
2013	11081	1172	1707	45	0	0	0	0	0	0
2014	11082	653	1192	17	0	0	0	0	0	0
2015	11083	2008	2009	89	0	0	1020	2	0	0
2016	11084	1651	2008	12	0	0	0	0	0	0
2017	11086	1935	1643	29	0	0	0	0	502	3
2018	11087	1635	2010	145	0	0	281	3	595	4
2019	11088	2010	1633	66	0	0	94	1	417	3
2020	11089	1633	2011	38	0	0	0	0	187	2
2021	11090	2011	1631	59	0	0	94	1	298	2
2022	11091	1631	2012	100	0	0	213	2	519	5
2023	11092	2012	1940	55	0	0	0	0	332	3
2024	11093	2010	1639	134	0	0	306	3	765	7
2025	11094	1636	2012	153	0	0	187	2	468	5
2026	11098	1156	1860	54	0	0	0	0	298	2
2027	11099	1462	2013	268	0	0	0	0	0	0
2028	11104	1865	870	316	0	0	0	0	0	0
2029	11105	1236	1861	56	0	0	0	0	94	1
2030	11106	2014	2015	65	0	0	0	0	0	0
2031	11107	2016	2015	35	0	0	0	0	0	0
2032	11108	2015	1435	48	0	0	187	2	0	0
2033	11109	2015	2017	71	0	0	298	2	298	2
2034	11110	1566	1833	62	0	0	94	1	94	1
2035	11111	1704	1501	18	0	0	2040	4	0	0
2036	11112	856	1008	70	0	0	842	4	187	2
2037	11113	1255	1716	17	0	0	0	0	0	0
2038	11114	1312	1716	54	0	0	0	0	323	2
2039	11119	1760	2018	1029	0	0	187	2	298	2
2040	11120	2019	559	153	0	0	0	0	0	0
2041	11121	1974	2020	174	0	0	0	0	0	0
2042	11122	2020	2021	211	0	0	0	0	204	1
2043	11123	559	1974	797	0	0	0	0	595	4
2044	11125	317	2018	370	0	0	0	0	0	0
2045	11126	2022	2019	18	0	0	0	0	94	1
2046	11127	323	2022	552	0	0	0	0	0	0
2047	11131	1448	1493	939	0	0	0	0	0	0
2048	11143	1502	2023	182	0	0	0	0	612	3
2049	11145	710	2024	400	0	0	0	0	408	2
2050	11146	265	1860	24	0	0	0	0	0	0
2051	11147	265	2025	113	0	0	94	1	391	3
2052	11149	263	526	761	0	0	0	0	0	0
2053	11150	526	2026	108	0	0	0	0	0	0
2054	11151	2026	403	669	0	0	0	0	0	0
2055	11153	1484	1462	198	0	0	0	0	204	1
2056	11154	2013	2026	941	0	0	0	0	213	2
2057	11155	2013	1461	488	0	0	0	0	391	3
2058	11156	1486	59	137	0	0	0	0	298	2
2059	11158	2027	1975	425	0	0	0	0	204	1
2060	11159	1975	1485	209	0	0	0	0	0	0
2061	11160	1485	1332	242	0	0	0	0	0	0
2062	11161	1	1332	623	0	0	94	1	0	0
2063	11165	1291	453	94	0	0	94	1	0	0
2064	11166	2028	2029	34	0	0	0	0	94	1
2065	11167	2029	1330	230	0	0	204	1	94	1
2066	11169	1815	6	195	0	0	0	0	0	0
2067	11170	1978	2030	28	0	0	0	0	0	0
2068	11189	2031	189	280	0	0	298	2	672	6
2069	11193	2028	704	34	0	0	0	0	0	0
2070	11194	1861	1713	22	0	0	0	0	204	1
2071	11195	1426	1430	37	0	0	0	0	408	2
2072	11196	1429	1921	133	0	0	0	0	0	0
2073	11197	1434	2032	43	0	0	0	0	0	0
2074	11198	2032	2016	26	0	0	0	0	0	0
2075	11199	2014	2033	15	0	0	0	0	0	0
2076	11200	2033	2034	67	0	0	0	0	0	0
2077	11201	2034	2035	19	0	0	0	0	0	0
2078	11202	2035	2036	62	0	0	0	0	0	0
2079	11203	2036	1954	25	0	0	0	0	204	1
2080	11205	1954	2037	75	0	0	0	0	1122	7
2081	11206	2036	2038	80	0	0	0	0	791	7
2082	11207	2035	2039	70	0	0	306	3	714	5
2083	11208	2034	1443	47	0	0	94	1	94	1
2084	11209	2033	1437	48	0	0	0	0	204	1
2085	11210	2014	1441	45	0	0	0	0	298	2
2086	11211	2016	2040	75	0	0	306	3	94	1
2087	11212	2032	2041	71	0	0	0	0	1054	6
2088	11213	2042	2043	72	0	0	281	3	952	7
2089	11214	2044	2045	55	0	0	425	4	204	1
2090	11215	1992	2044	51	0	0	0	0	0	0
2091	11216	2044	2042	14	0	0	0	0	0	0
2092	11217	2042	2046	85	0	0	94	1	298	2
2093	11218	2046	1714	85	0	0	0	0	400	4
2094	11219	1990	1953	45	0	0	0	0	204	1
2095	11220	2046	2047	66	0	0	213	2	493	5
2096	11221	2048	1491	637	0	0	0	0	281	3
2097	11222	1491	1347	43	0	0	187	2	0	0
2098	11224	1808	126	1317	0	0	0	0	0	0
2099	11225	1492	1371	283	0	0	0	0	0	0
2100	11232	1809	636	835	0	0	0	0	0	0
2101	11233	1535	1145	364	0	0	0	0	0	0
2102	11234	1809	1808	609	0	0	94	1	391	3
2103	11236	1998	2049	65	0	0	0	0	0	0
2104	11237	2049	2001	394	0	0	0	0	0	0
2105	11238	2049	1966	52	0	0	0	0	0	0
2106	11239	1966	1997	29	0	0	0	0	0	0
2107	11240	1997	1994	63	0	0	0	0	0	0
2108	11241	1956	626	70	0	0	187	2	306	3
2109	11242	1958	1959	70	0	0	281	3	238	2
2110	11250	497	1995	74	0	0	0	0	204	1
2111	11251	1995	1616	66	0	0	0	0	0	0
2112	11253	232	1736	37	0	0	0	0	0	0
2113	11254	1736	2050	20	0	0	0	0	0	0
2114	11255	2051	1739	68	0	0	544	2	1037	4
2115	11256	1739	369	19	0	0	0	0	0	0
2116	11260	372	228	58	0	0	0	0	0	0
2117	11261	228	361	128	0	0	0	0	0	0
2118	11262	2052	601	33	0	0	0	0	298	2
2119	11264	900	2052	56	0	0	0	0	527	3
2120	11265	2053	900	103	0	0	0	0	0	0
2121	11266	2053	2054	58	0	0	0	0	612	3
2122	11267	938	2053	43	0	0	119	1	323	2
2123	11268	914	2055	31	0	0	0	0	94	1
2124	11269	2055	2056	58	0	0	374	4	298	2
2125	11270	2057	914	48	0	0	94	1	799	5
2126	11271	1287	1784	34	0	0	0	0	391	3
2127	11272	1784	2057	84	0	0	281	3	578	5
2128	11279	561	1119	96	0	0	0	0	0	0
2129	11280	431	1744	363	0	0	0	0	0	0
2130	11282	195	579	50	0	0	0	0	204	1
2131	11283	579	2058	51	0	0	94	1	298	2
2132	11284	951	604	124	0	0	94	1	213	2
2133	11285	11	12	71	0	0	0	0	0	0
2134	11286	12	15	72	0	0	0	0	0	0
2135	11287	15	16	72	0	0	0	0	0	0
2136	11288	18	16	71	0	0	0	0	0	0
2137	11289	813	1707	41	0	0	0	0	0	0
2138	11290	1199	1648	63	0	0	204	1	0	0
2139	11291	811	1195	48	0	0	0	0	298	2
2140	11292	1658	1657	131	0	0	604	5	1437	13
2141	11293	1726	1724	112	0	0	579	5	94	1
2142	11299	1093	1745	65	0	0	0	0	94	1
2143	11300	394	392	123	0	0	298	2	187	2
2144	11301	392	996	53	0	0	0	0	0	0
2145	11302	395	1139	128	0	0	0	0	204	1
2146	11318	1132	1129	60	0	0	0	0	0	0
2147	11322	2059	334	101	0	0	0	0	94	1
2148	11325	7	266	211	0	0	0	0	0	0
2149	11326	266	414	296	0	0	0	0	0	0
2150	11328	1290	2060	99	0	0	188	2	0	0
2151	11329	1677	2061	85	0	0	0	0	408	2
2152	11330	2061	1644	116	0	0	204	1	391	3
2153	11331	1483	710	119	0	0	417	3	204	1
2154	11354	1734	2062	57	0	0	0	0	0	0
2155	11355	2062	1735	33	0	0	0	0	0	0
2156	11356	1939	1941	103	0	0	0	0	0	0
2157	11357	1939	1214	542	0	0	0	0	0	0
2158	11358	1433	1992	58	0	0	510	1	0	0
2159	11359	1714	2063	28	0	0	94	1	0	0
2160	11360	2063	1990	55	0	0	94	1	204	1
2161	11361	1429	1766	34	0	0	0	0	0	0
2162	11362	1766	1764	123	0	0	94	1	94	1
2163	11363	457	2064	90	0	0	204	1	298	2
2164	11366	1720	2065	64	0	0	0	0	94	1
2165	11367	2066	2065	57	0	0	187	2	0	0
2166	11368	214	2067	62	0	0	680	7	94	1
2167	11369	2067	1353	18	0	0	94	1	0	0
2168	11384	2068	1490	144	0	0	0	0	94	1
2169	11385	1460	132	138	0	0	0	0	94	1
2170	11387	126	1460	90	0	0	0	0	0	0
2171	11388	1378	2009	28	0	0	0	0	0	0
2172	11389	847	836	50	0	0	94	1	0	0
2173	11390	836	1884	48	0	0	0	0	298	2
2174	11391	1884	837	28	0	0	0	0	204	1
2175	11393	1993	1740	69	0	0	187	2	0	0
2176	11394	1854	2069	19	0	0	0	0	94	1
2177	11395	1854	1657	6	0	0	0	0	0	0
2178	11396	680	2070	49	0	0	0	0	238	2
2179	11397	953	2071	53	0	0	94	1	493	5
2180	11398	962	1401	41	0	0	0	0	0	0
2181	11399	1722	1419	29	0	0	94	1	119	1
2182	11400	1418	1670	89	0	0	0	0	0	0
2183	11401	1899	1669	20	0	0	0	0	0	0
2184	11402	1900	1668	20	0	0	0	0	0	0
2185	11403	1667	1668	25	0	0	1020	2	0	0
2186	11404	1723	1724	55	0	0	1020	2	187	2
2187	11405	1664	1662	94	0	0	0	0	0	0
2188	11411	1029	1030	31	0	0	0	0	0	0
2189	11413	1525	167	813	0	0	0	0	0	0
2190	11418	1360	688	52	0	0	510	1	1020	5
2191	11419	1521	1146	264	0	0	0	0	0	0
2192	11420	1054	1182	90	0	0	0	0	0	0
2193	11425	841	820	43	0	0	1020	2	0	0
2194	11426	468	819	33	0	0	1318	4	0	0
2195	11427	840	2072	69	0	0	1547	8	94	1
2196	11428	2072	1788	44	0	0	510	4	502	3
2197	11429	1788	1009	26	0	0	485	4	0	0
2198	11430	1009	1790	62	0	0	0	0	0	0
2199	11431	1790	469	15	0	0	0	0	0	0
2200	11432	818	523	29	0	0	0	0	0	0
2201	11433	523	2073	27	0	0	298	2	0	0
2202	11434	818	998	69	0	0	0	0	791	4
2203	11435	480	1256	126	0	0	1020	2	0	0
2204	11437	1742	2074	13	0	0	0	0	0	0
2205	11441	1018	605	31	0	0	94	1	94	1
2206	11442	948	2075	9	0	0	0	0	298	2
2207	11443	2075	949	33	0	0	0	0	612	3
2208	11444	949	2076	60	0	0	0	0	1131	8
2209	11445	1100	1901	124	0	0	298	2	94	1
2210	11446	1901	1775	24	0	0	0	0	94	1
2211	11447	1775	1101	93	0	0	536	4	94	1
2212	11448	918	2077	44	0	0	94	1	502	3
2213	11449	2077	2078	20	0	0	298	2	204	1
2214	11450	1518	1500	553	0	0	0	0	0	0
2215	11452	1500	2079	93	0	0	94	1	0	0
2216	11454	1373	450	165	0	0	204	1	204	1
2217	11455	664	608	72	0	0	0	0	0	0
2218	11456	1535	608	22	0	0	0	0	0	0
2219	11458	1257	1145	29	0	0	0	0	0	0
2220	11460	401	188	275	0	0	0	0	0	0
2221	11461	188	1146	18	0	0	0	0	0	0
2222	11466	187	1573	169	0	0	0	0	0	0
2223	11473	610	1522	387	0	0	0	0	0	0
2224	11474	870	610	26	0	0	0	0	0	0
2225	11475	1524	611	306	0	0	0	0	0	0
2226	11479	2061	2080	62	0	0	0	0	187	2
2227	11494	1415	861	59	0	0	94	1	510	1
2228	11495	1005	2081	57	0	0	0	0	0	0
2229	11496	2081	814	92	0	0	604	2	1207	7
2230	11498	1989	1217	57	0	0	187	2	0	0
2231	11500	1986	1219	130	0	0	0	0	0	0
2232	11501	1986	1215	30	0	0	0	0	0	0
2233	11503	1925	1984	79	0	0	94	1	825	5
2234	11505	1988	1212	31	0	0	0	0	0	0
2235	11508	2082	1208	117	0	0	918	3	0	0
2236	11509	2083	1936	49	0	0	94	1	298	2
2237	11510	1938	2084	102	0	0	0	0	629	5
2238	11511	2084	1269	100	0	0	94	1	0	0
2239	11512	1941	1407	693	0	0	0	0	0	0
2240	11513	1764	458	122	0	0	298	2	119	1
2241	11514	458	1413	55	0	0	0	0	94	1
2242	11515	1768	1965	115	0	0	281	3	187	2
2243	11516	1454	2085	56	0	0	0	0	0	0
2244	11523	2085	1368	93	0	0	281	3	119	1
2245	11528	1729	1730	121	0	0	774	8	0	0
2246	11530	1731	1999	84	0	0	884	6	0	0
2247	11534	1703	1378	39	0	0	0	0	204	1
2248	11535	365	1738	68	0	0	340	1	0	0
2249	11536	1021	234	59	0	0	0	0	281	3
2250	11537	237	2051	6	0	0	0	0	0	0
2251	11538	2051	1050	83	0	0	204	1	204	1
2252	11539	1725	1726	46	0	0	119	1	187	2
2253	11540	1088	377	7	0	0	0	0	0	0
2254	11541	2086	2087	52	0	0	1020	5	0	0
2255	11542	1746	2086	22	0	0	0	0	0	0
2256	11543	1086	1087	31	0	0	1122	12	0	0
2257	11545	1360	1774	63	0	0	0	0	0	0
2258	11546	1774	2086	50	0	0	748	8	0	0
2259	11548	687	808	43	0	0	281	3	0	0
2260	11549	478	809	69	0	0	961	5	723	6
2261	11550	810	471	35	0	0	187	2	94	1
2262	11551	999	1014	20	0	0	1020	2	0	0
2263	11552	1856	1015	99	0	0	94	1	94	1
2264	11553	2074	1750	79	0	0	340	1	0	0
2265	11554	1750	1749	9	0	0	0	0	0	0
2266	11555	1853	2088	110	0	0	2040	4	0	0
2267	11557	1085	2089	56	0	0	0	0	0	0
2268	11558	2089	656	51	0	0	0	0	298	2
2269	11575	920	1824	72	0	0	0	0	298	2
2270	11576	1477	1781	23	0	0	119	1	204	1
2271	11577	1781	1612	57	0	0	485	4	706	4
2272	11578	1474	1612	52	0	0	94	1	94	1
2273	11579	1610	1828	52	0	0	0	0	0	0
2274	11580	1785	1474	24	0	0	0	0	0	0
2275	11581	880	2090	42	0	0	0	0	0	0
2276	11582	2090	1785	47	0	0	0	0	0	0
2277	11583	2091	2090	44	0	0	298	2	204	1
2278	11584	1828	595	60	0	0	0	0	0	0
2279	11585	595	1473	47	0	0	94	1	187	2
2280	11586	1584	1582	44	0	0	94	1	0	0
2281	11587	1383	931	41	0	0	417	3	213	2
2282	11588	1323	895	17	0	0	94	1	119	1
2283	11589	2092	2093	38	0	0	0	0	782	6
2284	11590	890	2092	49	0	0	0	0	510	4
2285	11591	890	2094	45	0	0	0	0	119	1
2286	11594	1778	891	41	0	0	94	1	204	1
2287	11595	2095	2096	44	0	0	204	1	306	3
2288	11596	2096	436	60	0	0	723	3	119	1
2289	11597	2097	2095	112	0	0	306	3	2032	12
2290	11598	2098	2097	3	0	0	0	0	0	0
2291	11599	2050	2098	16	0	0	298	2	0	0
2292	11600	2099	2100	87	0	0	187	2	1114	9
2293	11602	1948	1862	83	0	0	0	0	0	0
2294	11603	2101	1864	69	0	0	0	0	995	8
2295	11605	256	2102	98	0	0	417	3	808	6
2296	11606	607	2103	17	0	0	0	0	94	1
2297	11607	1979	2104	94	0	0	595	4	791	7
2298	11608	1386	606	77	0	0	213	2	1037	7
2299	11612	2105	473	78	0	0	502	3	740	5
2300	11613	2105	808	48	0	0	0	0	0	0
2301	11615	1233	2106	305	0	0	817	7	561	4
2302	11621	626	2107	48	0	0	332	3	0	0
2303	11622	2107	1958	21	0	0	94	1	119	1
2304	11623	1955	1959	44	0	0	94	1	187	2
2305	11624	1960	2108	53	0	0	213	2	187	2
2306	11625	2108	1489	16	0	0	0	0	94	1
2307	11626	1456	2109	119	0	0	740	5	94	1
2308	11628	2001	1453	35	0	0	0	0	0	0
2309	11629	277	1523	568	0	0	0	0	0	0
2310	11637	1319	2110	51	0	0	323	2	0	0
2311	11639	192	2099	54	0	0	0	0	0	0
2312	11641	2111	254	66	0	0	1114	3	187	2
2313	11651	2112	391	27	0	0	0	0	0	0
2314	11652	1092	2113	22	0	0	510	1	0	0
2315	11653	2113	1360	6	0	0	0	0	0	0
2316	11656	496	1119	116	0	0	0	0	0	0
2317	11658	1078	2114	34	0	0	510	1	204	1
2318	11659	2114	388	8	0	0	0	0	0	0
2319	11660	388	2115	22	0	0	119	1	0	0
2320	11661	2115	2116	53	0	0	204	1	204	1
2321	11662	1075	2117	28	0	0	0	0	187	2
2322	11663	2117	555	25	0	0	0	0	374	4
2323	11672	2110	2118	15	0	0	0	0	94	1
2324	11673	2118	1768	11	0	0	0	0	0	0
2325	11674	2109	2119	38	0	0	94	1	94	1
2326	11675	2119	574	35	0	0	0	0	94	1
2327	11679	1440	2030	69	0	0	0	0	0	0
2328	11681	1447	2120	23	0	0	2040	4	0	0
2329	11684	979	760	45	0	0	0	0	0	0
2330	11687	1849	2121	104	0	0	187	2	799	5
2331	11688	2121	2122	3	0	0	94	1	204	1
2332	11689	10	620	319	0	0	0	0	0	0
2333	11691	1076	2123	31	0	0	213	2	714	5
2334	11692	2123	1834	48	0	0	94	1	1122	10
2335	11693	1073	2124	2	0	0	0	0	0	0
2336	11694	2124	1075	64	0	0	0	0	187	2
2337	11698	1335	2125	41	0	0	510	1	0	0
2338	11699	1728	2126	56	0	0	0	0	187	2
2339	11700	210	2127	8	0	0	94	1	0	0
2340	11701	2127	214	54	0	0	281	3	0	0
2341	11702	2128	2085	5	0	0	94	1	0	0
2342	11703	1235	2129	98	0	0	1122	12	0	0
2343	11704	1356	2130	48	0	0	1029	11	204	1
2344	11705	2130	2131	43	0	0	561	6	0	0
2345	11708	2132	2133	18	0	0	204	1	0	0
2346	11709	2133	1430	29	0	0	0	0	0	0
2347	11710	1430	2134	12	0	0	0	0	0	0
2348	11711	2134	2112	32	0	0	1020	2	0	0
2349	11712	2125	2135	65	0	0	298	2	0	0
2350	11713	2135	490	18	0	0	0	0	0	0
2351	11714	1406	1336	21	0	0	94	1	0	0
2352	11715	2136	2128	122	0	0	561	6	204	1
2353	11716	2129	2137	47	0	0	1683	18	0	0
2354	11717	2137	1445	48	0	0	672	6	0	0
2355	11718	1354	2138	36	0	0	187	2	0	0
2356	11719	2138	2136	22	0	0	94	1	0	0
2357	11720	2090	2139	28	0	0	680	2	0	0
2358	11721	262	2140	53	0	0	0	0	0	0
2359	11722	2140	2027	602	0	0	0	0	94	1
2360	11723	2025	2141	23	0	0	0	0	94	1
2361	11724	2141	262	84	0	0	0	0	510	1
2362	11756	917	2142	9	0	0	0	0	0	0
2363	11757	2142	2143	95	0	0	94	1	298	2
2364	11758	918	2144	8	0	0	0	0	0	0
2365	11759	2144	1825	8	0	0	0	0	204	1
2366	11760	964	2145	18	0	0	4074	31	94	1
2367	11761	2145	1721	30	0	0	0	0	94	1
2368	11762	2065	2146	52	0	0	281	3	187	2
2369	11763	2146	211	74	0	0	392	3	94	1
2370	11764	571	1320	3	0	0	0	0	0	0
2371	11765	1607	2147	122	0	0	0	0	502	3
2372	11766	2147	2148	6	0	0	0	0	94	1
2373	11767	1903	2149	73	0	0	119	1	119	1
2374	11768	2149	2150	145	0	0	323	2	1020	5
2375	11769	1652	2151	15	0	0	0	0	0	0
2376	11770	2151	2152	56	0	0	94	1	213	2
2377	11771	2152	2153	18	0	0	0	0	94	1
2378	11772	2153	964	55	0	0	187	2	94	1
2379	11775	1104	1105	142	0	0	0	0	0	0
2380	11777	1728	1403	20	0	0	0	0	0	0
2381	11779	2126	2154	39	0	0	187	2	187	2
2382	11780	2154	1405	23	0	0	94	1	0	0
2383	11782	704	2155	88	0	0	0	0	204	1
2384	11783	2155	417	106	0	0	0	0	119	1
2385	11816	1137	2156	117	0	0	94	1	0	0
2386	11819	289	2157	39	0	0	604	5	204	1
2387	11820	1296	2158	71	0	0	188	2	0	0
2388	11821	1340	2159	189	0	0	204	1	0	0
2389	11853	1187	2160	360	0	0	510	1	204	1
2390	11862	1763	2161	150	0	0	0	0	94	1
2391	11863	0	2162	85	0	0	204	1	0	0
2392	11886	73	2163	35	0	0	298	2	0	0
2393	11907	1252	51	107	0	0	0	0	94	1
2394	11918	50	1342	71	0	0	0	0	298	2
2395	11997	2164	1466	146	3060	6	0	0	0	0
2396	12000	563	1465	76	0	0	0	0	0	0
2397	12004	1345	2165	63	0	0	94	1	94	1
2398	12022	2166	420	394	0	0	0	0	340	1
2399	12023	638	122	333	0	0	0	0	94	1
2400	12031	1343	1910	183	0	0	0	0	306	3
2401	12032	1910	1344	29	0	0	0	0	0	0
2402	12108	2167	720	23	0	0	0	0	408	2
2403	12110	61	63	68	0	0	0	0	0	0
2404	12111	2168	159	14	0	0	204	1	204	1
2405	12112	719	2169	10	0	0	0	0	94	1
2406	12113	66	2170	34	0	0	0	0	204	1
2407	-1	282	1019	1	0	0	0	0	0	0
2408	-6	6	7	184	0	0	0	0	0	0
2409	-7	8	6	911	0	0	0	0	0	0
2410	-11	71	72	280	0	0	0	0	0	0
2411	-12	97	29	727	0	0	0	0	0	0
2412	-15	177	174	27	0	0	0	0	0	0
2413	-16	2	1122	218	0	0	0	0	0	0
2414	-17	184	1377	103	0	0	0	0	0	0
2415	-18	185	370	68	0	0	0	0	0	0
2416	-20	223	1229	53	0	0	0	0	0	0
2417	-24	189	403	1144	0	0	0	0	0	0
2418	-25	154	366	358	0	0	0	0	0	0
2419	-26	161	298	44	0	0	0	0	0	0
2420	-27	275	382	344	0	0	0	0	0	0
2421	-28	372	1907	379	0	0	0	0	0	0
2422	-29	604	1744	431	0	0	0	0	0	0
2423	-30	642	743	281	0	0	0	0	0	0
2424	-31	649	1434	116	0	0	0	0	0	0
2425	-32	822	1742	32	0	0	0	0	0	0
2426	-35	942	943	170	0	0	0	0	0	0
2427	-36	973	1070	68	0	0	0	0	0	0
2428	-42	401	187	530	0	0	0	0	0	0
2429	-43	1173	1170	77	0	0	0	0	0	0
2430	-44	1222	2062	64	0	0	0	0	0	0
2431	-45	230	358	63	0	0	0	0	0	0
2432	-48	1256	1008	74	0	0	0	0	0	0
2433	-49	1263	602	292	0	0	0	0	0	0
2434	-51	1332	1343	33	0	0	0	0	0	0
2435	-52	1325	1129	429	0	0	0	0	0	0
2436	-53	1108	1374	164	0	0	0	0	0	0
2437	-54	406	1873	107	0	0	0	0	0	0
2438	-55	1380	1381	56	0	0	0	0	0	0
2439	-56	997	783	275	0	0	0	0	0	0
2440	-58	1417	1401	126	0	0	0	0	0	0
2441	-59	341	1726	26	0	0	0	0	0	0
2442	-60	1497	1517	117	0	0	0	0	0	0
2443	-61	475	1573	309	0	0	0	0	0	0
2444	-62	1528	1513	1300	0	0	0	0	0	0
2445	-66	1591	1605	144	0	0	0	0	0	0
2446	-67	653	1199	60	0	0	0	0	0	0
2447	-70	33	1676	383	0	0	0	0	0	0
2448	-71	1745	1744	133	0	0	0	0	0	0
2449	-72	805	1808	1131	0	0	0	0	0	0
2450	-73	1525	1496	1532	0	0	0	0	0	0
2451	-79	34	1224	434	0	0	0	0	0	0
2452	-80	834	224	186	0	0	0	0	0	0
2453	-81	45	8	557	0	0	0	0	0	0
2454	-82	1522	1573	212	0	0	0	0	0	0
2455	-85	455	2030	66	0	0	0	0	0	0
2456	-86	1998	1999	128	0	0	0	0	0	0
2457	-87	1998	619	936	0	0	0	0	0	0
2458	-88	822	1010	73	0	0	0	0	0	0
END
