ProblemType:	SP-CARP
NumberNodes:	812
NumberEdges:	1124
DepotNodeNumber:	0
NumberOfFractions:	1
NumberOfIntervalsForFraction	General_Glass_Metal_Plastic_Organic	7	2.3	3.5	7	14	21	28	56
GRAPH
EdgeNumber	EdgeId	StartNodeNumber	EndNodeNumber	Cost	Demand_0	Bins_0	Demand_1	Bins_1	Demand_2	Bins_2	Demand_3	Bins_3	Demand_4	Bins_4	Demand_5	Bins_5	Demand_6	Bins_6
START
0	0	0	1	41	0	0	0	0	0	0	0	0	0	0	0	0	0	0
1	5	2	3	15	0	0	0	0	0	0	0	0	0	0	0	0	0	0
2	6	3	4	97	0	0	3869	28	0	0	0	0	0	0	0	0	0	0
3	7	5	6	89	0	0	0	0	0	0	0	0	0	0	0	0	0	0
4	11	7	8	54	0	0	0	0	0	0	0	0	0	0	0	0	0	0
5	12	9	10	204	0	0	0	0	1020	2	0	0	0	0	2040	5	0	0
6	13	9	11	10	0	0	0	0	0	0	0	0	0	0	0	0	0	0
7	14	11	8	10	0	0	0	0	0	0	0	0	0	0	0	0	0	0
8	16	12	13	181	3873	19	3984	21	0	0	0	0	0	0	5032	14	0	0
9	20	14	15	122	3497	9	4173	12	0	0	0	0	0	0	5168	12	0	0
10	21	16	17	33	0	0	0	0	0	0	0	0	0	0	1428	7	0	0
11	25	18	19	55	0	0	4235	20	0	0	0	0	0	0	4590	10	0	0
12	26	20	18	50	0	0	0	0	0	0	0	0	0	0	0	0	0	0
13	27	21	22	174	0	0	2040	4	0	0	0	0	1870	1	1870	4	0	0
14	28	23	21	99	4148	15	3693	9	0	0	680	2	0	0	0	0	0	0
15	29	21	24	35	510	1	0	0	0	0	0	0	1870	1	0	0	0	0
16	30	25	26	119	0	0	0	0	2210	5	0	0	0	0	3672	10	0	0
17	31	27	25	55	0	0	0	0	0	0	0	0	0	0	0	0	0	0
18	32	25	28	141	0	0	0	0	0	0	0	0	0	0	0	0	0	0
19	33	6	29	39	0	0	1020	2	3822	27	0	0	0	0	0	0	0	0
20	36	29	11	17	0	0	0	0	0	0	0	0	0	0	0	0	0	0
21	38	30	31	215	0	0	0	0	4675	16	0	0	0	0	4488	22	712	6
22	39	31	32	484	0	0	0	0	6639	47	0	0	0	0	7304	50	3660	28
23	41	33	34	3	0	0	0	0	0	0	1700	1	0	0	0	0	0	0
24	42	34	35	162	0	0	0	0	0	0	0	0	0	0	0	0	0	0
25	48	36	37	79	0	0	1020	2	408	2	0	0	0	0	748	3	408	2
26	49	38	39	54	0	0	0	0	0	0	0	0	0	0	0	0	0	0
27	50	39	40	17	0	0	2550	5	0	0	0	0	0	0	0	0	0	0
28	52	41	42	152	0	0	3877	16	2040	4	0	0	0	0	2788	8	0	0
29	53	43	44	98	3933	13	0	0	5100	12	1870	1	0	0	850	2	0	0
30	54	45	46	86	0	0	0	0	0	0	0	0	0	0	0	0	0	0
31	57	47	41	61	0	0	0	0	0	0	0	0	0	0	0	0	0	0
32	58	48	44	119	0	0	3666	9	119	1	1870	1	0	0	680	2	0	0
33	59	49	50	107	0	0	0	0	3654	9	0	0	0	0	1224	4	0	0
34	60	46	51	63	0	0	0	0	0	0	0	0	0	0	0	0	0	0
35	61	52	47	166	0	0	3717	14	4037	26	0	0	0	0	2822	8	0	0
36	62	51	53	23	0	0	0	0	0	0	0	0	0	0	0	0	0	0
37	63	54	55	79	0	0	0	0	0	0	0	0	0	0	0	0	0	0
38	64	42	56	93	0	0	0	0	204	1	0	0	0	0	0	0	0	0
39	65	57	58	140	0	0	4123	17	4015	13	0	0	0	0	5338	18	0	0
40	66	59	48	90	1020	2	0	0	1020	2	510	1	0	0	510	1	0	0
41	67	60	61	226	0	0	0	0	1632	8	0	0	0	0	544	2	0	0
42	68	53	62	84	0	0	4046	16	0	0	0	0	0	0	1258	4	0	0
43	69	58	52	153	612	4	2975	7	3703	10	0	0	0	0	3722	14	0	0
44	70	44	57	111	0	0	3868	16	0	0	0	0	0	0	2550	6	0	0
45	71	63	64	69	0	0	0	0	0	0	0	0	0	0	0	0	0	0
46	72	64	54	6	0	0	0	0	0	0	0	0	0	0	0	0	0	0
47	73	62	63	22	0	0	2125	5	0	0	0	0	0	0	1190	3	0	0
48	74	61	59	111	0	0	3635	12	3435	15	0	0	0	0	4148	15	0	0
49	75	55	60	213	0	0	0	0	4151	12	0	0	0	0	2312	8	0	0
50	76	50	45	45	0	0	0	0	0	0	0	0	0	0	0	0	0	0
51	77	65	66	75	0	0	0	0	0	0	0	0	0	0	0	0	0	0
52	78	67	68	147	0	0	0	0	0	0	0	0	0	0	0	0	0	0
53	81	69	70	58	0	0	0	0	3060	6	0	0	0	0	0	0	0	0
54	82	71	72	55	2040	4	4080	8	0	0	0	0	0	0	1530	4	0	0
55	83	73	72	62	3889	10	0	0	0	0	0	0	0	0	2754	7	0	0
56	84	74	75	19	3584	50	0	0	0	0	2550	5	0	0	5434	14	0	0
57	85	72	74	57	0	0	680	2	0	0	0	0	0	0	0	0	0	0
58	86	76	70	56	0	0	0	0	0	0	3825	5	0	0	0	0	0	0
59	87	75	76	9	0	0	0	0	0	0	0	0	0	0	0	0	0	0
60	89	77	69	194	0	0	0	0	1020	2	0	0	0	0	544	2	0	0
61	90	78	79	84	0	0	3806	13	0	0	0	0	0	0	2686	9	0	0
62	91	80	81	121	0	0	0	0	2244	9	0	0	0	0	1428	7	1604	10
63	92	82	83	47	0	0	0	0	3230	7	0	0	0	0	1360	6	0	0
64	93	84	85	98	0	0	2550	5	2040	4	0	0	0	0	1530	4	0	0
65	94	86	87	105	0	0	0	0	0	0	0	0	0	0	0	0	0	0
66	95	88	89	6	0	0	0	0	0	0	0	0	0	0	0	0	0	0
67	100	90	91	244	0	0	4051	13	3770	25	0	0	0	0	6698	26	0	0
68	101	92	90	40	0	0	0	0	0	0	0	0	0	0	0	0	0	0
69	102	93	94	51	0	0	0	0	935	2	0	0	0	0	0	0	0	0
70	103	95	96	110	1020	2	3862	12	4025	17	510	1	0	0	3570	11	0	0
71	105	84	97	24	0	0	0	0	0	0	0	0	0	0	0	0	0	0
72	106	98	99	104	3836	26	0	0	0	0	1700	1	0	0	2040	4	0	0
73	107	99	84	56	2040	4	0	0	0	0	0	0	0	0	544	2	0	0
74	108	100	99	71	0	0	0	0	0	0	0	0	0	0	0	0	0	0
75	109	101	102	108	0	0	3264	7	0	0	0	0	0	0	2550	5	0	0
76	110	103	101	145	0	0	0	0	204	1	0	0	0	0	3230	7	0	0
77	111	104	105	71	0	0	0	0	3060	15	0	0	0	0	1258	4	232	2
78	112	104	106	98	0	0	0	0	2159	8	0	0	0	0	1224	6	436	3
79	113	106	107	88	0	0	1020	2	2193	12	0	0	0	0	1768	8	468	4
80	114	108	104	67	2890	6	2040	4	2720	3	510	1	0	0	1734	5	0	0
81	115	109	107	257	0	0	0	0	7412	36	0	0	0	0	4488	22	2932	19
82	116	110	111	97	1530	3	1700	4	0	0	0	0	0	0	850	2	0	0
83	117	112	110	96	0	0	4131	15	2040	4	0	0	0	0	2720	10	0	0
84	118	113	114	150	0	0	1870	4	4080	8	0	0	0	0	2176	8	0	0
85	119	114	115	85	0	0	2975	7	0	0	0	0	0	0	1088	4	0	0
86	121	117	116	28	0	0	0	0	0	0	0	0	0	0	0	0	0	0
87	122	118	117	93	1530	3	850	2	0	0	0	0	0	0	1564	4	0	0
88	123	119	120	122	0	0	0	0	0	0	0	0	0	0	0	0	0	0
89	124	121	120	107	4006	10	0	0	0	0	0	0	0	0	3468	11	0	0
90	125	122	123	111	0	0	0	0	714	4	0	0	0	0	612	3	472	4
91	126	123	124	91	0	0	1020	2	153	1	0	0	0	0	748	3	232	2
92	127	125	123	128	0	0	0	0	1768	12	0	0	0	0	204	1	0	0
93	128	123	126	74	0	0	0	0	918	5	0	0	0	0	816	4	116	1
94	129	126	127	85	0	0	0	0	357	2	0	0	0	0	408	2	472	4
95	130	128	129	115	0	0	0	0	0	0	0	0	0	0	0	0	0	0
96	131	130	128	72	0	0	0	0	0	0	0	0	0	0	3570	7	0	0
97	132	131	132	182	0	0	0	0	1955	13	0	0	0	0	3910	17	832	7
98	133	131	133	22	0	0	0	0	0	0	0	0	0	0	0	0	0	0
99	134	134	135	26	0	0	0	0	0	0	0	0	0	0	0	0	0	0
100	135	136	137	40	0	0	0	0	0	0	0	0	0	0	0	0	0	0
101	136	138	134	97	0	0	0	0	816	4	0	0	0	0	612	3	760	5
102	137	135	136	102	0	0	0	0	663	4	0	0	0	0	816	4	556	4
103	138	139	140	228	0	0	0	0	3995	18	0	0	0	0	5508	21	3340	26
104	139	141	142	197	0	0	0	0	4179	20	0	0	0	0	1700	4	0	0
105	140	143	144	56	0	0	4117	18	0	0	0	0	0	0	2584	12	0	0
106	142	91	145	11	0	0	0	0	0	0	0	0	0	0	0	0	0	0
107	143	146	147	133	0	0	4147	12	4199	9	0	0	0	0	2210	8	0	0
108	144	67	66	63	0	0	0	0	0	0	0	0	0	0	0	0	0	0
109	145	66	148	43	510	1	0	0	3519	23	0	0	0	0	1020	2	0	0
110	146	149	96	30	0	0	0	0	0	0	0	0	0	0	0	0	0	0
111	147	65	150	66	0	0	0	0	0	0	0	0	0	0	0	0	0	0
112	148	151	152	72	0	0	0	0	0	0	0	0	0	0	0	0	0	0
113	149	153	154	16	0	0	0	0	0	0	0	0	0	0	0	0	0	0
114	150	155	156	47	0	0	0	0	0	0	0	0	0	0	0	0	0	0
115	151	149	157	93	0	0	3833	11	4182	13	1020	2	0	0	2312	10	0	0
116	152	158	143	20	0	0	1428	7	0	0	0	0	0	0	0	0	0	0
117	153	145	159	92	0	0	2550	6	2040	4	0	0	0	0	1768	6	0	0
118	154	152	160	88	0	0	2040	4	918	3	0	0	0	0	1088	4	0	0
119	155	156	154	56	0	0	0	0	0	0	0	0	0	0	0	0	0	0
120	156	151	161	9	0	0	0	0	0	0	0	0	0	0	0	0	0	0
121	157	159	158	81	0	0	1020	2	0	0	0	0	0	0	408	2	0	0
122	158	162	146	143	0	0	3418	10	4161	11	0	0	0	0	4080	16	0	0
123	159	162	144	34	0	0	0	0	0	0	0	0	0	0	0	0	0	0
124	160	155	157	16	0	0	0	0	0	0	0	0	0	0	0	0	0	0
125	161	153	161	53	0	0	0	0	0	0	0	0	0	0	0	0	0	0
126	162	160	91	65	0	0	0	0	0	0	0	0	0	0	0	0	0	0
127	163	96	150	15	0	0	0	0	0	0	0	0	0	0	0	0	0	0
128	164	163	164	91	0	0	0	0	1530	3	0	0	0	0	544	2	0	0
129	165	165	166	121	0	0	2550	5	0	0	0	0	0	0	544	2	0	0
130	166	166	163	94	0	0	0	0	1020	2	0	0	0	0	544	2	0	0
131	167	167	165	104	0	0	0	0	4080	8	0	0	0	0	1088	4	0	0
132	170	164	168	101	0	0	2125	5	2040	4	0	0	0	0	1632	6	0	0
133	172	169	168	144	0	0	1530	3	0	0	0	0	0	0	1428	4	0	0
134	173	170	171	83	0	0	510	1	0	0	0	0	0	0	544	2	0	0
135	174	145	36	154	0	0	3570	7	2907	10	0	0	0	0	2244	9	464	4
136	175	37	172	118	0	0	510	1	510	1	0	0	0	0	204	1	0	0
137	176	172	80	71	0	0	0	0	340	1	0	0	0	0	204	1	320	2
138	177	171	169	57	1428	7	0	0	0	0	0	0	0	0	408	2	0	0
139	178	173	170	204	0	0	3448	9	2040	4	340	1	0	0	1700	7	0	0
140	179	80	173	139	0	0	1020	2	2040	4	1700	1	0	0	1496	6	0	0
141	180	174	168	480	0	0	0	0	0	0	0	0	0	0	0	0	0	0
142	183	175	176	49	0	0	2040	4	0	0	0	0	0	0	544	2	0	0
143	188	179	180	17	0	0	0	0	0	0	0	0	0	0	0	0	0	0
144	189	181	177	77	0	0	0	0	4065	24	0	0	0	0	2210	8	0	0
145	190	182	183	125	0	0	0	0	3755	12	0	0	0	0	1870	4	0	0
146	191	182	179	21	0	0	0	0	0	0	0	0	0	0	0	0	0	0
147	192	177	179	60	0	0	0	0	3418	22	0	0	0	0	1020	2	0	0
148	193	183	184	70	1020	2	2040	4	1020	2	0	0	0	0	1020	2	0	0
149	194	185	186	175	0	0	3753	15	3162	17	0	0	0	0	4692	14	1608	7
150	195	187	188	37	0	0	0	0	153	1	0	0	0	0	204	1	116	1
151	196	189	190	176	0	0	0	0	2822	15	0	0	0	0	3264	16	1504	12
152	197	190	140	157	0	0	1275	3	2346	12	0	0	0	0	3298	14	1712	13
153	198	191	192	69	0	0	0	0	765	5	0	0	0	0	1020	5	0	0
154	199	193	194	219	3672	24	0	0	0	0	0	0	1700	1	1020	2	0	0
155	200	195	196	10	0	0	0	0	0	0	0	0	0	0	0	0	0	0
156	201	196	194	170	0	0	0	0	3779	3	0	0	0	0	4080	8	0	0
157	203	197	198	84	0	0	3470	18	0	0	0	0	0	0	2550	5	0	0
158	204	199	200	96	0	0	0	0	1020	6	0	0	0	0	1224	6	1596	12
159	205	201	202	76	0	0	4095	10	0	0	0	0	0	0	1360	3	0	0
160	206	200	201	26	0	0	0	0	0	0	0	0	0	0	0	0	0	0
161	207	162	203	60	0	0	3485	7	1530	6	0	0	0	0	3026	10	0	0
162	208	203	204	90	0	0	1020	2	0	0	0	0	0	0	1360	6	0	0
163	209	205	206	31	0	0	0	0	0	0	0	0	0	0	0	0	0	0
164	211	207	208	56	0	0	3895	16	0	0	0	0	0	0	2040	4	0	0
165	212	209	207	56	0	0	0	0	0	0	0	0	0	0	0	0	0	0
166	213	208	210	48	0	0	0	0	0	0	0	0	0	0	1530	3	0	0
167	215	211	212	188	0	0	0	0	2686	17	0	0	0	0	3468	17	1184	10
168	216	213	212	13	0	0	0	0	0	0	0	0	0	0	0	0	0	0
169	217	214	215	112	0	0	0	0	1020	6	0	0	0	0	1836	9	1068	9
170	218	216	217	207	0	0	3882	24	0	0	1870	1	1700	1	2550	5	0	0
171	219	217	218	98	0	0	3060	6	0	0	0	0	0	0	1700	4	0	0
172	220	216	219	79	0	0	0	0	0	0	0	0	0	0	0	0	0	0
173	221	220	221	76	0	0	3060	6	0	0	0	0	0	0	2040	5	0	0
174	222	222	223	238	0	0	4080	8	3978	15	1870	1	0	0	4148	16	1388	11
175	223	224	225	112	0	0	0	0	0	0	0	0	0	0	0	0	0	0
176	224	226	227	133	4247	21	0	0	510	1	680	2	0	0	4760	11	0	0
177	225	228	38	356	0	0	3060	6	4751	44	0	0	0	0	5398	45	4008	33
178	226	229	230	22	0	0	0	0	510	1	0	0	0	0	0	0	0	0
179	227	230	231	162	1530	3	0	0	680	2	0	0	2805	1	1936	6	0	0
180	230	232	233	180	0	0	0	0	0	0	2040	4	0	0	4420	6	0	0
181	231	234	235	23	0	0	0	0	153	1	0	0	0	0	204	1	232	2
182	232	236	234	105	0	0	0	0	867	5	0	0	0	0	1020	5	1120	8
183	233	237	238	213	0	0	1734	14	4828	26	510	1	0	0	5540	28	3292	27
184	234	239	240	79	0	0	0	0	1734	11	0	0	0	0	2244	11	1272	10
185	235	241	242	46	0	0	0	0	969	6	0	0	0	0	1224	6	472	4
186	236	243	244	213	0	0	0	0	4896	17	0	0	0	0	3060	15	844	5
187	237	245	246	273	0	0	3492	18	3785	34	0	0	0	0	8428	35	0	0
188	238	247	50	183	0	0	3922	13	1190	3	0	0	0	0	4250	15	0	0
189	239	248	249	86	0	0	2040	4	0	0	510	1	0	0	1360	3	0	0
190	240	250	248	66	0	0	4022	10	0	0	0	0	0	0	850	2	0	0
191	241	251	252	16	0	0	0	0	0	0	0	0	0	0	0	0	0	0
192	242	252	129	102	0	0	0	0	0	0	0	0	0	0	1530	3	0	0
193	244	253	254	142	2040	4	4208	10	0	0	0	0	0	0	3060	7	0	0
194	245	255	256	131	0	0	1275	3	3264	10	0	0	0	0	1836	9	204	1
195	246	257	258	129	0	0	0	0	3729	13	0	0	0	0	2244	9	0	0
196	247	32	259	19	0	0	0	0	153	1	0	0	0	0	204	1	232	2
197	248	260	30	57	0	0	0	0	204	1	0	0	0	0	204	1	0	0
198	249	261	30	108	0	0	0	0	0	0	0	0	0	0	2040	4	0	0
199	250	262	263	120	0	0	0	0	2448	11	0	0	0	0	1972	9	436	3
200	251	264	265	105	2550	5	3366	12	510	1	0	0	0	0	5270	9	0	0
201	252	45	266	27	0	0	0	0	0	0	0	0	0	0	0	0	0	0
202	253	184	266	129	0	0	2040	4	3571	13	0	0	1870	1	1938	6	0	0
203	254	267	264	117	2244	5	0	0	0	0	0	0	0	0	1258	4	0	0
204	255	265	181	28	0	0	0	0	0	0	0	0	0	0	0	0	0	0
205	256	268	269	132	0	0	3829	12	2414	3	0	0	0	0	4182	12	408	2
206	257	270	271	32	0	0	0	0	0	0	0	0	0	0	0	0	0	0
207	258	272	273	51	0	0	0	0	0	0	0	0	0	0	0	0	0	0
208	259	272	269	24	0	0	0	0	0	0	0	0	0	0	0	0	0	0
209	260	274	275	112	0	0	3060	7	3009	8	0	0	0	0	2346	8	0	0
210	261	275	166	75	0	0	510	1	0	0	0	0	0	0	408	2	0	0
211	262	276	277	76	4080	8	1020	2	0	0	0	0	0	0	952	4	0	0
212	263	278	268	46	0	0	0	0	0	0	0	0	0	0	0	0	0	0
213	264	273	270	60	0	0	612	3	2312	4	0	0	0	0	408	2	0	0
214	265	271	276	70	0	0	0	0	0	0	0	0	0	0	0	0	0	0
215	266	277	274	95	0	0	1326	5	0	0	0	0	0	0	816	4	0	0
216	267	161	279	228	0	0	3822	29	3264	10	0	0	0	0	4692	19	0	0
217	268	279	278	116	0	0	3905	9	3933	11	0	0	0	0	3672	14	0	0
218	269	280	281	36	0	0	0	0	0	0	0	0	0	0	0	0	0	0
219	270	282	283	35	0	0	0	0	0	0	0	0	0	0	0	0	0	0
220	271	284	285	35	0	0	2856	7	680	2	0	0	0	0	2108	9	0	0
221	273	286	174	25	0	0	3060	6	0	0	0	0	0	0	1054	3	0	0
222	274	71	103	21	0	0	0	0	0	0	0	0	0	0	0	0	0	0
223	275	287	288	57	0	0	0	0	0	0	0	0	0	0	0	0	0	0
224	276	289	290	67	0	0	0	0	0	0	0	0	0	0	0	0	0	0
225	277	108	283	44	0	0	1360	3	0	0	408	2	0	0	408	2	0	0
226	278	147	267	92	0	0	0	0	0	0	0	0	0	0	0	0	0	0
227	279	291	280	39	0	0	1020	2	0	0	0	0	0	0	680	2	0	0
228	280	292	290	7	0	0	0	0	0	0	0	0	0	0	0	0	0	0
229	281	281	284	29	0	0	866	9	0	0	0	0	0	0	408	2	0	0
230	282	293	291	113	0	0	3740	8	0	0	0	0	0	0	1020	2	0	0
231	283	294	103	69	0	0	0	0	0	0	0	0	0	0	0	0	0	0
232	284	71	295	55	0	0	0	0	0	0	0	0	0	0	0	0	0	0
233	285	295	289	74	0	0	4245	13	2550	5	0	0	0	0	2448	10	0	0
234	286	267	118	112	1020	2	1020	2	2040	4	0	0	0	0	1394	4	0	0
235	287	285	286	26	0	0	0	0	0	0	0	0	0	0	0	0	0	0
236	288	294	288	13	0	0	0	0	0	0	0	0	0	0	0	0	0	0
237	289	292	293	82	0	0	0	0	0	0	0	0	0	0	0	0	0	0
238	290	282	287	74	0	0	2125	5	0	0	0	0	0	0	680	2	0	0
239	291	118	108	59	0	0	3570	7	510	1	0	0	0	0	1428	5	0	0
240	294	277	297	81	0	0	3060	6	4117	12	340	1	0	0	2108	9	0	0
241	295	297	298	35	0	0	0	0	1054	3	0	0	0	0	612	3	0	0
242	297	299	296	40	0	0	0	0	0	0	0	0	0	0	0	0	0	0
243	298	300	301	36	0	0	0	0	0	0	0	0	0	0	0	0	0	0
244	299	297	82	59	0	0	3561	9	1377	4	850	2	0	0	1632	5	232	2
245	300	301	277	101	0	0	2550	5	0	0	0	0	0	0	1020	2	0	0
246	301	82	171	145	0	0	2448	6	0	0	0	0	0	0	1258	4	0	0
247	302	299	300	100	0	0	0	0	0	0	0	0	0	0	0	0	0	0
248	303	302	303	64	0	0	850	2	0	0	0	0	0	0	0	0	0	0
249	304	304	305	59	0	0	0	0	0	0	0	0	0	0	0	0	0	0
250	305	306	307	35	0	0	1224	3	0	0	0	0	0	0	544	2	0	0
251	306	302	304	34	0	0	0	0	0	0	0	0	0	0	0	0	0	0
252	307	305	173	185	0	0	0	0	0	0	0	0	0	0	0	0	0	0
253	308	308	173	88	1020	2	1530	3	204	1	0	0	0	0	1802	6	0	0
254	309	272	307	101	0	0	3944	21	0	0	0	0	0	0	1564	5	0	0
255	310	309	310	120	0	0	3230	9	1564	8	0	0	0	0	3876	15	756	5
256	311	311	312	109	0	0	0	0	816	5	0	0	0	0	1020	5	712	6
257	312	313	314	122	0	0	0	0	1462	5	0	0	0	0	1020	5	472	4
258	313	315	316	120	0	0	0	0	3991	20	0	0	0	0	3060	8	0	0
259	314	317	318	116	0	0	0	0	2737	16	0	0	0	0	3264	16	436	3
260	315	319	320	118	0	0	3636	12	0	0	0	0	0	0	2414	7	0	0
261	316	321	319	226	0	0	4079	23	8466	24	0	0	0	0	6766	25	1628	13
262	317	322	321	65	0	0	0	0	629	4	0	0	0	0	816	4	556	4
263	318	323	324	203	0	0	1275	3	5113	40	0	0	0	0	4930	41	3260	26
264	319	324	322	252	0	0	0	0	4131	26	0	0	0	0	5100	25	2508	19
265	320	325	326	254	0	0	3580	13	1224	6	3740	2	0	0	6264	15	0	0
266	322	327	328	105	0	0	3505	10	3981	10	0	0	0	0	2380	6	0	0
267	323	329	330	109	0	0	2040	4	0	0	0	0	0	0	2278	6	0	0
268	324	331	332	109	0	0	2040	4	3979	12	1190	3	0	0	3332	10	0	0
269	325	333	334	53	3986	10	0	0	1530	3	0	0	0	0	2652	9	0	0
270	326	335	336	76	0	0	0	0	3060	6	0	0	0	0	1088	4	0	0
271	327	337	338	77	0	0	2550	5	0	0	0	0	0	0	1020	2	0	0
272	328	339	340	225	0	0	3729	17	1734	4	0	0	0	0	7072	19	0	0
273	329	294	341	242	0	0	714	2	612	3	0	0	1700	1	6954	19	0	0
274	330	51	342	86	0	0	1054	3	0	0	0	0	0	0	204	1	0	0
275	331	54	343	208	0	0	3810	43	0	0	0	0	0	0	3264	8	0	0
276	332	46	344	44	3570	7	1020	2	2040	4	0	0	0	0	1938	5	0	0
277	333	345	346	85	0	0	4195	10	0	0	0	0	0	0	1734	5	0	0
278	334	346	114	28	0	0	0	0	0	0	0	0	0	0	0	0	0	0
279	335	347	180	261	3060	6	1020	2	3514	14	1870	1	0	0	3502	12	0	0
280	336	348	347	90	2550	5	0	0	340	1	0	0	0	0	0	0	0	0
281	337	180	182	16	0	0	0	0	1020	2	0	0	0	0	0	0	0	0
282	338	283	348	110	0	0	3060	6	510	1	0	0	0	0	850	2	0	0
283	340	116	264	96	0	0	0	0	0	0	0	0	0	0	408	2	0	0
284	342	349	181	86	0	0	2040	4	748	3	0	0	0	0	680	2	0	0
285	343	350	184	76	0	0	1275	3	0	0	0	0	0	0	544	2	0	0
286	344	351	352	111	0	0	3570	7	0	0	918	3	0	0	1054	3	0	0
287	345	353	352	144	0	0	3570	7	3400	7	0	0	0	0	3876	12	0	0
288	346	354	353	43	0	0	0	0	0	0	0	0	0	0	0	0	0	0
289	347	355	356	96	0	0	0	0	1785	10	0	0	0	0	1836	9	1408	9
290	348	357	358	138	510	1	2040	4	4027	19	0	0	0	0	3672	10	408	2
291	349	359	360	151	0	0	0	0	0	0	0	0	0	0	850	2	0	0
292	350	361	362	221	0	0	2040	4	6936	23	0	0	0	0	3536	16	1388	11
293	351	363	364	427	0	0	4394	21	5181	27	3944	3	0	0	9962	39	1028	8
294	352	365	366	424	0	0	3873	38	3583	11	1870	1	0	0	8682	43	0	0
295	353	367	368	134	0	0	3416	18	2040	4	0	0	0	0	3196	15	0	0
296	354	203	369	163	0	0	1530	3	4974	24	0	0	0	0	3060	15	1372	8
297	355	370	154	221	1530	3	1870	4	6212	21	1530	3	0	0	3264	16	1912	14
298	356	371	151	238	4080	8	3521	15	4434	27	510	1	0	0	2958	11	116	1
299	357	372	152	253	0	0	3751	12	7511	17	0	0	0	0	4352	18	436	3
300	358	373	160	271	0	0	3567	25	3519	28	3400	2	0	0	7584	39	0	0
301	359	374	159	307	0	0	3661	32	3737	34	204	1	0	0	8568	29	1324	9
302	360	375	296	175	0	0	1870	4	0	0	0	0	0	0	680	2	0	0
303	361	299	376	172	0	0	0	0	0	0	0	0	0	0	0	0	0	0
304	362	377	110	205	3570	7	4133	62	340	1	1564	4	0	0	4930	10	0	0
305	363	144	378	148	1530	3	3060	15	0	0	1700	1	0	0	1156	5	0	0
306	364	379	380	68	0	0	0	0	4258	15	0	0	0	0	2652	8	0	0
307	365	159	381	152	0	0	4151	13	3485	9	0	0	0	0	3638	12	0	0
308	366	382	383	50	0	0	0	0	1190	5	0	0	0	0	816	4	712	6
309	367	306	308	81	0	0	3570	7	0	0	0	0	0	0	1530	3	0	0
310	368	384	385	54	0	0	0	0	0	0	0	0	0	0	0	0	0	0
311	369	386	78	65	0	0	0	0	0	0	0	0	0	0	0	0	0	0
312	370	387	388	62	0	0	1020	2	3570	7	0	0	0	0	1802	6	0	0
313	371	389	386	25	0	0	0	0	0	0	0	0	0	0	0	0	0	0
314	372	78	384	48	0	0	0	0	2040	4	0	0	0	0	408	2	0	0
315	373	390	384	14	0	0	0	0	0	0	0	0	0	0	0	0	0	0
316	374	385	391	48	0	0	0	0	0	0	0	0	0	0	0	0	0	0
317	375	392	390	63	0	0	0	0	0	0	0	0	0	0	0	0	0	0
318	376	391	390	72	0	0	0	0	0	0	0	0	0	0	0	0	0	0
319	377	387	391	24	0	0	0	0	0	0	0	0	0	0	0	0	0	0
320	378	391	392	55	0	0	0	0	0	0	0	0	0	0	0	0	0	0
321	379	111	94	128	510	1	2040	4	1530	6	0	0	0	0	408	2	0	0
322	380	393	387	140	0	0	0	0	3570	7	0	0	0	0	544	2	0	0
323	381	390	394	47	0	0	0	0	1530	3	0	0	0	0	408	2	0	0
324	382	395	373	67	0	0	0	0	1530	3	0	0	0	0	408	2	0	0
325	383	374	365	25	0	0	0	0	0	0	0	0	0	0	0	0	0	0
326	384	363	396	46	0	0	2040	4	425	1	0	0	0	0	408	2	0	0
327	385	394	370	35	0	0	0	0	0	0	0	0	0	0	0	0	0	0
328	386	371	389	33	0	0	0	0	0	0	0	0	0	0	0	0	0	0
329	387	367	372	61	0	0	0	0	1020	2	0	0	0	0	544	2	0	0
330	388	92	365	70	0	0	3060	6	0	0	0	0	0	0	850	2	0	0
331	389	367	371	13	0	0	0	0	0	0	0	0	0	0	0	0	0	0
332	390	395	372	17	0	0	0	0	0	0	0	0	0	0	0	0	0	0
333	391	361	397	51	0	0	0	0	0	0	0	0	0	0	0	0	0	0
334	392	361	396	14	0	0	0	0	0	0	0	0	0	0	0	0	0	0
335	393	374	363	42	0	0	850	2	0	0	0	0	0	0	408	2	0	0
336	394	386	370	18	0	0	0	0	0	0	0	0	0	0	0	0	0	0
337	395	373	92	70	0	0	0	0	0	0	0	0	0	0	0	0	0	0
338	396	397	111	136	0	0	1020	2	0	0	0	0	0	0	0	0	0	0
339	397	398	206	29	3740	8	0	0	0	0	0	0	0	0	0	0	0	0
340	398	399	205	30	0	0	0	0	0	0	0	0	0	0	850	2	0	0
341	399	400	399	34	0	0	1224	8	0	0	0	0	0	0	0	0	0	0
342	400	399	398	26	0	0	0	0	0	0	0	0	0	0	0	0	0	0
343	401	401	398	35	0	0	1530	10	0	0	0	0	0	0	850	2	0	0
344	402	402	237	46	510	1	0	0	204	1	0	0	0	0	204	1	116	1
345	403	403	401	85	3803	9	2703	13	0	0	0	0	0	0	5440	12	0	0
346	404	400	404	152	3404	11	1989	13	1020	2	0	0	0	0	4250	10	0	0
347	405	237	250	83	0	0	0	0	0	0	0	0	0	0	0	0	0	0
348	406	401	219	23	0	0	0	0	0	0	0	0	0	0	0	0	0	0
349	407	219	400	11	0	0	0	0	0	0	0	0	0	0	0	0	0	0
350	408	405	406	23	0	0	0	0	0	0	0	0	0	0	0	0	0	0
351	409	247	407	202	0	0	1020	2	850	2	0	0	0	0	0	0	0	0
352	410	49	247	58	0	0	0	0	0	0	0	0	0	0	0	0	0	0
353	411	408	409	66	0	0	0	0	0	0	0	0	0	0	0	0	0	0
354	412	408	250	29	0	0	0	0	0	0	0	0	0	0	0	0	0	0
355	413	407	402	120	0	0	714	2	510	1	0	0	0	0	1852	5	0	0
356	414	410	411	77	0	0	3777	11	0	0	0	0	0	0	1530	3	0	0
357	415	410	405	22	0	0	0	0	0	0	0	0	0	0	0	0	0	0
358	416	226	406	33	0	0	0	0	0	0	0	0	0	0	0	0	0	0
359	417	409	412	73	0	0	0	0	0	0	0	0	0	0	0	0	0	0
360	418	413	414	81	0	0	3697	26	0	0	0	0	0	0	3060	6	0	0
361	419	413	411	18	0	0	0	0	0	0	0	0	0	0	0	0	0	0
362	420	415	223	94	0	0	0	0	765	5	0	0	0	0	408	2	0	0
363	421	416	417	12	0	0	0	0	0	0	0	0	0	0	0	0	0	0
364	422	418	226	57	0	0	4080	8	0	0	0	0	0	0	1870	4	0	0
365	423	414	417	89	0	0	0	0	0	0	0	0	0	0	0	0	0	0
366	424	416	415	94	0	0	0	0	0	0	0	0	0	0	0	0	0	0
367	425	419	403	141	0	0	3516	46	0	0	0	0	0	0	4080	8	0	0
368	426	160	420	228	0	0	0	0	5089	26	0	0	0	0	4726	21	1424	12
369	427	421	308	202	2040	10	2040	4	1275	3	0	0	0	0	2754	7	0	0
370	428	153	422	106	0	0	3740	8	7375	16	0	0	0	0	1904	8	0	0
371	429	271	423	135	2380	5	2550	5	2890	6	0	0	0	0	2890	10	0	0
372	430	167	424	220	0	0	4214	16	3060	6	0	0	0	0	4386	14	0	0
373	431	425	375	70	0	0	0	0	0	0	0	0	0	0	0	0	0	0
374	432	376	426	62	0	0	0	0	0	0	0	0	0	0	0	0	0	0
375	433	65	427	218	0	0	3933	50	1700	1	2550	5	0	0	2244	9	0	0
376	434	67	428	213	2244	10	816	4	4250	4	1870	1	0	0	850	2	0	0
377	435	429	430	106	0	0	0	0	4794	11	0	0	0	0	3400	10	232	2
378	436	431	432	89	0	0	0	0	4226	15	0	0	0	0	2278	7	0	0
379	440	435	436	80	0	0	1530	3	2907	8	0	0	0	0	816	4	0	0
380	441	437	438	90	0	0	0	0	2890	6	0	0	0	0	1156	5	544	2
381	442	12	439	74	0	0	0	0	3672	10	0	0	0	0	0	0	0	0
382	443	275	440	110	612	3	3468	14	2040	4	0	0	0	0	2108	9	0	0
383	444	152	441	228	0	0	3445	13	4488	18	1700	1	0	0	5302	24	1796	13
384	445	163	442	166	0	0	1360	3	3705	19	0	0	0	0	4998	19	232	2
385	446	443	276	132	0	0	2295	5	1360	3	0	0	0	0	1360	4	0	0
386	447	170	443	158	1020	2	3464	17	0	0	0	0	0	0	1700	7	0	0
387	448	270	444	132	0	0	3537	29	0	0	0	0	0	0	7786	23	0	0
388	449	445	446	259	0	0	4049	10	4702	21	0	0	0	0	3944	18	2068	16
389	450	280	447	46	0	0	3060	6	3549	9	0	0	0	0	3060	10	0	0
390	451	448	449	259	4157	17	0	0	0	0	0	0	0	0	3400	7	0	0
391	452	450	290	26	0	0	0	0	0	0	0	0	0	0	0	0	0	0
392	453	76	448	131	4080	8	0	0	0	0	0	0	0	0	2040	4	0	0
393	454	451	449	99	4080	8	0	0	0	0	0	0	0	0	2890	6	0	0
394	455	449	450	56	3760	9	1530	3	0	0	0	0	0	0	2108	6	0	0
395	456	75	451	131	3060	6	0	0	0	0	0	0	0	0	0	0	0	0
396	457	448	451	11	0	0	0	0	0	0	0	0	0	0	0	0	0	0
397	458	452	302	229	0	0	3685	15	3570	7	0	0	0	0	6392	21	0	0
398	459	453	452	56	0	0	1870	4	119	1	0	0	0	0	408	2	0	0
399	460	452	454	59	0	0	0	0	0	0	0	0	0	0	0	0	0	0
400	461	455	304	296	0	0	3699	17	4022	15	1870	1	0	0	7140	26	0	0
401	462	77	456	97	0	0	0	0	4076	11	0	0	0	0	2226	7	0	0
402	463	288	77	32	0	0	0	0	1700	1	0	0	0	0	0	0	0	0
403	464	457	209	142	0	0	0	0	1173	7	0	0	0	0	1428	7	592	5
404	466	458	42	170	0	0	4196	10	0	0	0	0	0	0	850	2	0	0
405	468	459	126	119	0	0	0	0	1394	7	0	0	0	0	1428	7	704	6
406	469	460	321	98	0	0	0	0	1377	10	0	0	0	0	2244	11	320	2
407	470	461	462	13	0	0	1020	2	0	0	0	0	0	0	0	0	0	0
408	476	463	464	10	0	0	1020	2	0	0	0	0	0	0	0	0	0	0
409	477	464	465	9	0	0	2040	4	0	0	510	1	0	0	510	1	0	0
410	480	466	467	9	0	0	2040	4	0	0	510	1	0	0	510	1	0	0
411	484	385	468	51	0	0	0	0	0	0	0	0	0	0	0	0	0	0
412	485	469	470	46	0	0	0	0	0	0	0	0	0	0	0	0	0	0
413	486	412	20	89	0	0	0	0	0	0	0	0	0	0	0	0	0	0
414	487	418	20	25	0	0	0	0	0	0	0	0	0	0	0	0	0	0
415	488	419	223	40	0	0	0	0	0	0	0	0	0	0	0	0	0	0
416	489	471	472	130	0	0	0	0	0	0	0	0	0	0	0	0	0	0
417	490	88	473	44	0	0	0	0	0	0	0	0	0	0	0	0	0	0
418	491	474	475	179	0	0	0	0	0	0	0	0	0	0	0	0	0	0
419	494	476	477	127	0	0	0	0	1989	7	0	0	0	0	612	3	640	4
420	495	477	478	12	0	0	0	0	0	0	0	0	0	0	0	0	0	0
421	496	475	88	7	0	0	0	0	0	0	0	0	0	0	0	0	0	0
422	497	28	201	194	0	0	0	0	0	0	0	0	0	0	0	0	0	0
423	498	135	479	103	0	0	0	0	646	3	0	0	0	0	408	2	320	2
424	500	480	481	84	0	0	0	0	0	0	0	0	0	0	0	0	0	0
425	501	481	482	39	0	0	0	0	0	0	0	0	0	0	0	0	0	0
426	502	479	418	89	0	0	0	0	0	0	0	0	0	0	0	0	0	0
427	503	134	483	112	0	0	0	0	561	3	0	0	0	0	1020	5	844	5
428	504	484	134	146	0	0	0	0	918	3	0	0	0	0	612	3	788	6
429	505	201	480	85	0	0	0	0	0	0	0	0	0	0	0	0	0	0
430	506	19	471	116	0	0	0	0	0	0	0	0	0	0	0	0	0	0
431	507	472	474	115	0	0	0	0	0	0	0	0	0	0	0	0	0	0
432	508	482	135	153	0	0	0	0	765	5	0	0	0	0	1020	5	712	6
433	509	28	200	190	0	0	2040	4	306	2	0	0	0	0	1258	4	232	2
434	510	200	485	95	0	0	0	0	306	2	0	0	0	0	408	2	0	0
435	511	483	20	88	0	0	0	0	0	0	0	0	0	0	0	0	0	0
436	512	485	484	120	0	0	0	0	425	3	0	0	0	0	816	4	348	3
437	513	38	486	67	3570	7	0	0	1530	3	0	0	0	0	544	2	0	0
438	514	486	487	25	0	0	0	0	0	0	0	0	0	0	0	0	0	0
439	515	132	488	8	0	0	1530	3	238	2	0	0	0	0	322	2	0	0
440	516	487	489	37	0	0	0	0	153	1	0	0	0	0	204	1	116	1
441	517	490	86	57	0	0	850	2	0	0	510	1	0	0	510	1	0	0
442	518	130	490	251	0	0	4160	26	4114	6	0	0	0	0	3468	10	0	0
443	519	251	130	59	0	0	510	1	0	0	0	0	0	0	0	0	0	0
444	520	45	491	230	3060	6	4253	77	2040	4	4760	5	0	0	6392	15	0	0
445	521	492	232	156	0	0	2856	14	1224	6	3740	2	0	0	2040	4	0	0
446	522	491	251	18	0	0	0	0	0	0	0	0	0	0	0	0	0	0
447	523	86	472	87	0	0	0	0	0	0	0	0	0	0	0	0	0	0
448	525	229	132	87	1020	2	0	0	0	0	0	0	0	0	0	0	0	0
449	526	493	494	44	0	0	0	0	0	0	0	0	0	0	0	0	0	0
450	527	494	229	28	0	0	0	0	0	0	0	0	0	0	0	0	0	0
451	528	232	493	35	0	0	3568	10	0	0	0	0	0	0	1632	6	0	0
452	529	225	492	7	0	0	0	0	0	0	0	0	0	0	0	0	0	0
453	530	4	495	81	0	0	0	0	612	4	0	0	0	0	816	4	0	0
454	531	489	496	11	0	0	0	0	0	0	0	0	0	0	0	0	0	0
455	532	496	4	102	0	0	1530	3	306	2	0	0	0	0	1428	4	232	2
456	533	497	225	81	0	0	0	0	0	0	0	0	0	0	0	0	0	0
457	534	488	38	105	0	0	1530	3	3060	6	0	0	0	0	1360	4	0	0
458	535	495	498	92	0	0	0	0	4182	12	0	0	0	0	1428	7	1028	8
459	536	499	500	56	0	0	0	0	0	0	0	0	0	0	0	0	0	0
460	537	499	501	64	0	0	2125	5	1530	3	816	4	0	0	544	2	0	0
461	539	502	503	79	0	0	4036	11	0	0	0	0	0	0	2958	8	0	0
462	540	503	504	116	0	0	4202	10	0	0	510	1	0	0	1054	3	0	0
463	541	323	505	23	0	0	0	0	0	0	0	0	0	0	0	0	0	0
464	542	468	469	53	0	0	1020	2	0	0	0	0	0	0	544	2	0	0
465	543	347	506	235	0	0	510	1	0	0	0	0	0	0	0	0	0	0
466	546	92	507	401	0	0	3707	40	4054	16	0	0	0	0	7344	21	408	2
467	547	508	454	55	0	0	0	0	0	0	0	0	0	0	0	0	0	0
468	548	454	303	236	1530	3	3938	10	3626	19	0	0	0	0	8060	26	0	0
469	551	37	509	158	0	0	2550	5	0	0	510	1	0	0	510	1	0	0
470	565	510	47	260	1428	7	2040	4	1020	2	0	0	0	0	1088	4	0	0
471	566	511	510	232	0	0	0	0	0	0	0	0	0	0	0	0	0	0
472	567	117	348	77	0	0	0	0	0	0	0	0	0	0	0	0	0	0
473	568	248	512	76	0	0	3737	12	0	0	510	1	0	0	2074	5	0	0
474	570	513	514	387	1530	3	2380	5	3060	6	2720	3	0	0	1020	2	0	0
475	573	515	7	60	2550	5	0	0	0	0	1020	2	0	0	1700	1	0	0
476	580	516	418	231	0	0	0	0	0	0	0	0	0	0	0	0	0	0
477	581	497	516	128	0	0	4207	10	0	0	0	0	0	0	2584	6	0	0
478	582	472	497	8	0	0	0	0	0	0	0	0	0	0	0	0	0	0
479	583	517	497	116	0	0	0	0	0	0	0	0	0	0	0	0	0	0
480	585	87	474	62	1020	2	0	0	0	0	3944	6	0	0	1394	4	0	0
481	587	518	517	178	0	0	0	0	0	0	0	0	0	0	0	0	0	0
482	588	475	518	6	0	0	0	0	0	0	0	0	0	0	0	0	0	0
483	589	89	518	7	0	0	0	0	0	0	0	0	0	0	0	0	0	0
484	590	119	88	360	0	0	0	0	0	0	2754	6	3740	2	2754	6	0	0
485	591	309	89	44	0	0	0	0	0	0	0	0	0	0	0	0	0	0
486	592	473	309	6	0	0	0	0	0	0	0	0	0	0	0	0	0	0
487	593	473	476	82	0	0	0	0	0	0	0	0	0	0	0	0	0	0
488	594	519	309	82	0	0	0	0	476	3	0	0	0	0	816	4	320	2
489	595	256	476	103	0	0	0	0	952	4	1870	1	0	0	612	3	232	2
490	596	520	519	130	0	0	0	0	561	3	0	0	0	0	612	3	796	6
491	597	521	522	6	0	0	0	0	0	0	0	0	0	0	0	0	0	0
492	598	471	516	8	0	0	0	0	0	0	0	0	0	0	0	0	0	0
493	599	523	524	206	0	0	0	0	0	0	0	0	0	0	0	0	0	0
494	600	525	526	135	0	0	3992	28	0	0	0	0	0	0	2890	7	0	0
495	601	293	527	112	0	0	3767	12	0	0	0	0	0	0	2108	9	0	0
496	602	528	529	73	0	0	3522	9	510	1	0	0	0	0	1224	4	0	0
497	603	527	502	80	0	0	3976	14	1445	3	1020	2	0	0	1836	7	0	0
498	604	530	124	94	0	0	4242	21	1870	6	3060	5	0	0	2244	8	408	2
499	605	531	500	29	0	0	0	0	0	0	0	0	0	0	0	0	0	0
500	606	331	340	33	0	0	0	0	0	0	0	0	0	0	0	0	0	0
501	607	503	528	25	0	0	0	0	0	0	0	0	0	0	0	0	0	0
502	608	532	331	45	0	0	0	0	0	0	0	0	0	0	0	0	0	0
503	609	340	533	71	0	0	3400	7	0	0	0	0	0	0	1802	6	0	0
504	610	532	329	32	0	0	0	0	0	0	0	0	0	0	0	0	0	0
505	611	525	534	79	0	0	0	0	0	0	0	0	0	0	0	0	0	0
506	612	529	499	14	0	0	0	0	0	0	0	0	0	0	0	0	0	0
507	613	531	329	47	0	0	0	0	0	0	0	0	0	0	0	0	0	0
508	614	535	530	88	0	0	3420	24	561	3	2550	4	0	0	816	4	0	0
509	615	124	536	25	0	0	0	0	0	0	0	0	0	0	0	0	0	0
510	616	325	525	61	0	0	0	0	0	0	0	0	0	0	0	0	0	0
511	617	534	537	68	0	0	0	0	2754	6	0	0	0	0	544	2	0	0
512	618	536	325	45	0	0	0	0	0	0	0	0	0	0	0	0	0	0
513	619	61	538	94	0	0	0	0	5100	6	0	0	0	0	408	2	0	0
514	620	538	323	114	0	0	2890	6	1972	8	408	2	0	0	2380	11	640	4
515	621	533	61	54	0	0	0	0	0	0	0	0	0	0	0	0	0	0
516	622	505	535	68	0	0	0	0	0	0	0	0	0	0	0	0	0	0
517	623	55	539	201	0	0	3060	6	3454	10	0	0	0	0	3740	12	0	0
518	624	540	539	43	0	0	1530	3	0	0	0	0	0	0	236	2	0	0
519	625	287	506	184	0	0	3876	14	119	1	0	0	0	0	2958	10	0	0
520	626	541	542	23	0	0	0	0	0	0	0	0	0	0	0	0	0	0
521	627	542	543	90	0	0	1530	3	0	0	0	0	0	0	408	2	0	0
522	628	544	541	73	0	0	0	0	0	0	0	0	0	0	1020	2	0	0
523	629	478	521	4	0	0	0	0	0	0	0	0	0	0	0	0	0	0
524	630	542	545	74	0	0	0	0	0	0	0	0	0	0	0	0	0	0
525	631	333	546	68	0	0	3570	7	663	2	0	0	0	0	1700	4	0	0
526	632	547	333	78	1632	8	0	0	0	0	0	0	0	0	0	0	0	0
527	633	545	547	74	1020	2	0	0	0	0	0	0	0	0	680	2	0	0
528	634	506	544	50	0	0	0	0	2023	6	0	0	0	0	1020	3	0	0
529	635	257	255	97	0	0	306	2	2091	9	0	0	0	0	2244	11	464	4
530	636	548	257	135	0	0	0	0	2380	8	0	0	0	0	1632	8	1316	9
531	637	539	549	127	0	0	680	2	2074	5	0	0	0	0	1496	6	0	0
532	638	255	478	85	0	0	0	0	1054	5	0	0	0	0	816	4	592	5
533	639	546	55	63	0	0	0	0	0	0	0	0	0	0	0	0	0	0
534	640	121	549	21	0	0	0	0	0	0	0	0	0	0	0	0	0	0
535	641	550	548	14	0	0	0	0	0	0	0	0	0	0	0	0	0	0
536	642	548	121	25	0	0	0	0	0	0	0	0	0	0	0	0	0	0
537	643	549	550	29	0	0	0	0	0	0	0	0	0	0	0	0	0	0
538	644	551	552	52	0	0	0	0	629	4	0	0	0	0	816	4	408	2
539	645	520	477	10	0	0	0	0	0	0	0	0	0	0	0	0	0	0
540	646	522	553	3	0	0	0	0	0	0	0	0	0	0	0	0	0	0
541	647	520	313	81	0	0	0	0	1258	4	0	0	0	0	612	3	232	2
542	648	505	459	307	0	0	0	0	833	3	0	0	0	0	408	2	472	4
543	649	551	522	73	0	0	0	0	510	3	0	0	0	0	408	2	232	2
544	650	459	554	82	0	0	0	0	119	1	0	0	0	0	204	1	0	0
545	651	553	555	12	0	0	0	0	0	0	0	0	0	0	0	0	0	0
546	652	554	317	71	0	0	0	0	0	0	0	0	0	0	204	1	116	1
547	653	311	263	101	0	0	0	0	1768	10	0	0	0	0	2040	10	1240	9
548	654	313	311	80	0	0	0	0	1122	6	0	0	0	0	1224	6	1272	10
549	655	317	551	112	0	0	0	0	833	5	0	0	0	0	816	4	1036	8
550	656	556	521	256	0	0	0	0	4080	19	0	0	0	0	3502	15	944	8
551	657	139	557	88	0	0	1224	8	2703	6	0	0	0	0	2040	8	232	2
552	658	558	27	183	0	0	0	0	1224	3	0	0	0	0	0	0	0	0
553	659	559	557	138	0	0	0	0	1734	8	0	0	0	0	1870	7	0	0
554	660	27	560	10	0	0	0	0	0	0	0	0	0	0	0	0	0	0
555	661	560	559	183	0	0	0	0	204	1	0	0	0	0	408	2	0	0
556	662	524	558	156	0	0	0	0	4241	15	1870	1	0	0	748	3	408	2
557	663	559	558	11	0	0	0	0	0	0	0	0	0	0	0	0	0	0
558	664	323	556	407	0	0	4119	16	3570	7	0	0	0	0	3978	9	0	0
559	665	263	561	174	0	0	0	0	2465	14	0	0	0	0	2652	13	1784	15
560	666	562	563	83	0	0	0	0	323	2	0	0	0	0	408	2	0	0
561	667	553	564	102	0	0	0	0	714	4	0	0	0	0	612	3	232	2
562	669	555	520	8	0	0	0	0	0	0	0	0	0	0	0	0	0	0
563	670	555	562	115	0	0	0	0	1343	4	0	0	0	0	1632	8	232	2
564	671	564	565	97	0	0	0	0	714	4	0	0	0	0	816	4	472	4
565	674	566	567	33	0	0	0	0	0	0	0	0	0	0	0	0	0	0
566	676	319	568	93	0	0	3570	7	2040	4	0	0	0	0	1632	6	0	0
567	677	569	319	98	0	0	0	0	0	0	0	0	0	0	0	0	0	0
568	678	327	567	12	0	0	0	0	0	0	0	0	0	0	0	0	0	0
569	679	510	566	63	0	0	1224	6	0	0	0	0	0	0	3060	6	0	0
570	680	327	52	70	0	0	0	0	2040	4	0	0	0	0	544	2	0	0
571	681	52	569	100	0	0	765	5	2329	6	0	0	0	0	1088	4	0	0
572	682	568	570	74	0	0	1530	3	0	0	0	0	0	0	544	2	0	0
573	683	197	195	110	0	0	0	0	0	0	0	0	0	0	0	0	0	0
574	684	28	571	83	0	0	0	0	0	0	0	0	0	0	0	0	0	0
575	685	572	523	819	0	0	0	0	2108	6	0	0	0	0	544	2	0	0
576	686	573	560	107	0	0	0	0	153	1	0	0	0	0	0	0	0	0
577	688	196	574	254	0	0	0	0	0	0	0	0	0	0	0	0	0	0
578	689	575	576	182	0	0	1020	5	0	0	0	0	0	0	0	0	0	0
579	690	195	575	177	0	0	2601	17	0	0	0	0	0	0	0	0	0	0
580	691	577	197	87	0	0	0	0	0	0	0	0	0	0	0	0	0	0
581	692	574	23	86	0	0	0	0	0	0	0	0	0	0	0	0	0	0
582	693	1	196	357	0	0	0	0	0	0	0	0	0	0	0	0	0	0
583	694	557	523	223	0	0	0	0	2040	4	0	0	0	0	544	2	0	0
584	695	571	577	57	0	0	0	0	0	0	0	0	0	0	0	0	0	0
585	696	23	573	85	0	0	0	0	0	0	1700	1	0	0	0	0	0	0
586	698	578	579	149	0	0	2550	5	0	0	1700	1	0	0	3162	9	0	0
587	700	578	581	48	0	0	510	1	0	0	0	0	0	0	0	0	0	0
588	701	582	245	76	0	0	0	0	204	1	0	0	0	0	0	0	0	0
589	702	583	523	41	0	0	0	0	0	0	0	0	0	0	0	0	0	0
590	703	245	584	68	0	0	0	0	340	1	0	0	0	0	0	0	0	0
591	704	49	582	338	4227	19	4080	22	2040	4	0	0	0	0	5440	14	0	0
592	705	584	583	322	0	0	0	0	153	1	0	0	0	0	0	0	0	0
593	706	189	581	137	0	0	1955	4	204	1	0	0	0	0	748	3	408	2
594	707	581	185	38	0	0	0	0	0	0	0	0	0	0	0	0	0	0
595	709	523	141	103	0	0	3570	12	0	0	0	0	0	0	2550	6	0	0
596	711	141	189	93	0	0	1530	3	0	0	0	0	0	0	1088	4	0	0
597	712	24	585	119	3910	9	0	0	0	0	0	0	0	0	0	0	0	0
598	713	28	23	12	0	0	0	0	0	0	0	0	0	0	0	0	0	0
599	714	24	586	164	0	0	0	0	1020	2	0	0	0	0	0	0	0	0
600	715	169	587	102	0	0	3952	15	4284	9	0	0	0	0	2448	10	408	2
601	716	588	587	19	0	0	0	0	0	0	0	0	0	0	0	0	0	0
602	717	588	164	165	0	0	4174	11	4186	15	0	0	0	0	4164	15	408	2
603	718	364	366	73	0	0	0	0	0	0	0	0	0	0	0	0	0	0
604	721	589	113	24	0	0	0	0	0	0	0	0	0	0	0	0	0	0
605	722	590	591	50	1428	4	0	0	2380	5	0	0	0	0	952	4	0	0
606	723	364	589	102	0	0	850	2	204	1	0	0	0	0	1020	2	0	0
607	724	113	345	75	0	0	1530	10	2720	3	0	0	0	0	1088	4	0	0
608	725	591	572	77	2040	4	0	0	0	0	816	4	0	0	408	2	0	0
609	726	345	590	34	0	0	0	0	0	0	0	0	0	0	0	0	0	0
610	727	586	592	103	425	1	0	0	510	3	0	0	0	0	612	3	472	4
611	728	593	594	150	0	0	2550	5	2227	12	0	0	0	0	3060	12	1680	12
612	729	585	592	121	3405	27	0	0	0	0	0	0	0	0	3400	4	0	0
613	730	187	586	316	0	0	2040	4	2618	15	0	0	0	0	3314	16	2968	25
614	731	191	187	84	0	0	0	0	1428	8	0	0	0	0	1428	7	1760	12
615	732	594	191	82	0	0	0	0	1734	8	0	0	0	0	1836	9	1508	12
616	733	94	595	266	0	0	2550	5	4646	38	0	0	0	0	3876	11	0	0
617	735	595	572	177	0	0	3426	9	2040	4	0	0	0	0	2754	8	0	0
618	736	572	596	271	0	0	4170	12	5837	20	1360	3	0	0	3842	12	0	0
619	737	594	186	82	0	0	0	0	612	4	0	0	1870	1	816	4	232	2
620	738	190	594	91	0	0	0	0	816	5	0	0	0	0	1020	5	788	6
621	739	142	139	3	0	0	0	0	0	0	0	0	0	0	0	0	0	0
622	740	142	190	87	0	0	0	0	1003	5	0	0	0	0	1224	6	592	5
623	741	524	557	20	0	0	0	0	0	0	0	0	0	0	0	0	0	0
624	742	580	597	55	0	0	0	0	0	0	0	0	0	0	0	0	0	0
625	743	597	598	25	0	0	0	0	816	4	0	0	0	0	0	0	0	0
626	744	599	176	227	0	0	3557	26	0	0	0	0	0	0	4114	11	0	0
627	745	580	176	48	0	0	0	0	0	0	0	0	0	0	2550	5	0	0
628	746	597	600	78	0	0	0	0	3366	12	0	0	0	0	1394	4	0	0
629	747	193	601	83	0	0	3978	9	0	0	0	0	0	0	714	2	0	0
630	748	574	193	165	3808	10	0	0	0	0	2244	6	0	0	850	2	0	0
631	749	571	574	10	0	0	0	0	0	0	0	0	0	0	0	0	0	0
632	759	1	576	12	0	0	0	0	0	0	0	0	0	0	0	0	0	0
633	762	0	602	77	0	0	0	0	0	0	0	0	0	0	0	0	0	0
634	763	467	464	19	0	0	0	0	0	0	0	0	0	0	0	0	0	0
635	764	602	462	22	0	0	0	0	0	0	0	0	0	0	0	0	0	0
636	766	603	604	139	0	0	3958	39	0	0	0	0	1700	1	2550	6	0	0
637	767	602	603	88	0	0	0	0	0	0	0	0	0	0	0	0	0	0
638	768	605	603	78	0	0	510	1	0	0	510	1	0	0	340	1	0	0
639	769	575	606	60	0	0	0	0	0	0	0	0	0	0	0	0	0	0
640	770	607	198	142	0	0	3429	54	0	0	0	0	0	0	7480	14	0	0
641	771	198	608	147	0	0	0	0	0	0	0	0	0	0	2720	6	0	0
642	772	606	607	132	0	0	3924	34	0	0	1870	1	0	0	2210	5	0	0
643	773	609	198	103	0	0	0	0	0	0	0	0	0	0	0	0	0	0
644	774	606	610	286	2601	17	4213	30	0	0	2380	2	0	0	4250	9	0	0
645	775	611	612	70	0	0	0	0	357	2	0	0	0	0	408	2	0	0
646	776	613	611	11	0	0	0	0	0	0	0	0	0	0	0	0	0	0
647	777	409	614	236	0	0	3489	15	5708	21	510	1	0	0	6868	28	352	3
648	778	614	615	13	0	0	0	0	459	3	0	0	0	0	408	2	232	2
649	779	199	616	171	0	0	0	0	391	3	0	0	0	0	204	1	232	2
650	780	617	199	102	0	0	0	0	459	3	0	0	0	0	612	3	0	0
651	781	613	617	99	0	0	0	0	731	5	0	0	0	0	1020	5	232	2
652	782	615	612	85	0	0	0	0	1513	9	0	0	0	0	2040	10	232	2
653	783	618	596	53	0	0	0	0	0	0	0	0	0	0	0	0	0	0
654	784	17	618	33	0	0	0	0	0	0	0	0	0	0	0	0	0	0
655	785	619	618	94	0	0	0	0	2295	5	0	0	0	0	1224	6	0	0
656	786	15	619	128	0	0	816	3	4039	14	0	0	0	0	2584	12	0	0
657	787	591	115	162	0	0	1530	3	4083	26	0	0	0	0	5032	18	0	0
658	788	115	619	64	0	0	306	2	0	0	0	0	0	0	408	2	0	0
659	789	620	213	140	4080	8	0	0	0	0	0	0	0	0	0	0	0	0
660	790	621	212	141	0	0	0	0	782	5	0	0	0	0	1020	5	832	7
661	791	213	622	103	3919	10	0	0	1530	3	0	0	1870	1	0	0	0	0
662	792	623	624	90	0	0	0	0	408	2	0	0	0	0	408	2	0	0
663	793	212	625	99	0	0	0	0	612	4	0	0	0	0	816	4	592	5
664	794	622	626	110	0	0	0	0	0	0	0	0	0	0	0	0	0	0
665	795	625	626	101	0	0	0	0	323	2	0	0	0	0	408	2	472	4
666	796	620	624	7	0	0	0	0	0	0	0	0	0	0	0	0	0	0
667	797	417	457	86	0	0	4031	18	510	1	1870	4	0	0	850	2	0	0
668	798	609	577	103	0	0	4028	22	0	0	0	0	0	0	2720	6	0	0
669	799	620	609	226	4182	10	0	0	1564	10	0	0	0	0	2890	12	1304	11
670	800	457	627	104	0	0	0	0	1989	13	0	0	0	0	1836	9	952	8
671	801	627	621	180	0	0	0	0	2992	18	0	0	0	0	3468	17	1904	16
672	802	624	621	6	0	0	0	0	0	0	0	0	0	0	0	0	0	0
673	803	419	208	83	0	0	2244	11	0	0	0	0	0	0	0	0	0	0
674	804	208	215	150	0	0	0	0	4080	8	0	0	0	0	0	0	0	0
675	805	215	626	148	0	0	3472	12	3417	8	0	0	0	0	2278	3	464	4
676	806	211	628	115	0	0	0	0	578	4	0	0	0	0	1020	5	584	5
677	807	627	211	69	0	0	0	0	1394	9	0	0	0	0	1836	9	952	8
678	808	629	630	73	0	0	0	0	1003	7	0	0	0	0	1428	7	704	6
679	809	628	214	40	0	0	0	0	306	2	0	0	0	0	408	2	408	2
680	810	622	607	232	1020	2	3916	24	0	0	0	0	0	0	4012	10	0	0
681	811	209	628	109	0	0	0	0	2822	12	0	0	0	0	2448	12	1488	10
682	812	214	630	75	0	0	0	0	578	4	0	0	0	0	816	4	1120	8
683	813	630	625	74	0	0	0	0	612	4	0	0	0	0	1224	6	472	4
684	814	415	209	88	0	0	3927	14	0	0	0	0	0	0	2482	7	0	0
685	815	631	221	100	0	0	1020	2	0	0	0	0	0	0	0	0	0	0
686	816	221	217	104	0	0	2040	4	0	0	0	0	0	0	1360	3	0	0
687	817	403	631	81	0	0	0	0	0	0	0	0	0	0	0	0	0	0
688	818	631	216	109	0	0	3060	6	0	0	0	0	0	0	2380	6	0	0
689	819	632	631	105	0	0	2720	6	510	1	0	0	0	0	680	2	0	0
690	820	216	633	92	0	0	850	2	0	0	0	0	0	0	1428	5	0	0
691	821	218	315	54	0	0	0	0	0	0	0	0	0	0	0	0	0	0
692	822	419	632	88	0	0	0	0	0	0	0	0	0	0	0	0	0	0
693	823	632	220	116	0	0	4080	8	1530	3	0	0	0	0	3264	5	0	0
694	824	220	218	135	0	0	0	0	0	0	0	0	0	0	0	0	0	0
695	825	315	498	115	0	0	2193	12	0	0	0	0	0	0	510	1	0	0
696	826	2	634	162	0	0	4009	29	510	1	0	0	0	0	3570	7	0	0
697	827	2	218	100	0	0	3524	21	1530	3	0	0	0	0	4998	12	0	0
698	828	635	636	120	0	0	0	0	306	2	0	0	0	0	408	2	472	4
699	829	637	638	87	0	0	0	0	1394	9	0	0	0	0	1836	9	1236	9
700	830	635	637	10	0	0	0	0	0	0	0	0	0	0	0	0	0	0
701	831	4	635	91	0	0	0	0	1428	9	0	0	0	0	1836	9	232	2
702	832	639	495	105	0	0	0	0	0	0	0	0	0	0	0	0	0	0
703	834	407	491	264	0	0	3966	28	3060	6	0	0	0	0	4590	14	0	0
704	835	496	640	235	0	0	0	0	3747	29	0	0	0	0	4086	29	2732	23
705	836	640	641	96	0	0	0	0	884	6	0	0	0	0	1224	6	832	7
706	837	638	639	181	0	0	0	0	3672	24	0	0	0	0	3900	24	2156	16
707	838	642	638	72	0	0	0	0	1122	7	0	0	0	0	1428	7	232	2
708	839	640	642	18	0	0	0	0	0	0	0	0	0	0	0	0	0	0
709	840	634	489	123	0	0	3928	9	153	1	0	0	0	0	2618	8	232	2
710	841	222	634	250	0	0	0	0	4998	29	0	0	0	0	3864	24	3024	24
711	842	416	222	79	0	0	3060	6	1683	4	0	0	0	0	1462	5	0	0
712	847	644	645	15	0	0	0	0	0	0	0	0	0	0	0	0	0	0
713	848	646	644	64	0	0	0	0	0	0	0	0	0	0	0	0	0	0
714	849	227	647	84	0	0	0	0	0	0	0	0	0	0	0	0	0	0
715	850	647	646	79	0	0	3970	9	0	0	0	0	0	0	850	2	0	0
716	851	413	646	197	0	0	1700	4	3604	5	0	0	0	0	1292	5	0	0
717	852	646	232	191	3913	9	0	0	510	1	0	0	0	0	2890	7	0	0
718	853	648	649	49	0	0	3653	19	3508	27	0	0	0	0	4760	10	0	0
719	854	647	648	115	0	0	3656	10	0	0	0	0	0	0	1190	3	0	0
720	855	405	647	160	4213	10	0	0	204	1	0	0	0	0	2788	8	0	0
721	856	516	224	75	0	0	3570	7	3786	15	850	2	0	0	4080	6	0	0
722	857	224	648	83	0	0	0	0	0	0	0	0	0	0	0	0	0	0
723	858	414	228	78	0	0	0	0	306	2	0	0	0	0	408	2	352	3
724	859	645	131	8	0	0	0	0	306	2	0	0	0	0	408	2	232	2
725	860	133	644	14	0	0	0	0	0	0	0	0	0	0	0	0	0	0
726	861	228	133	140	0	0	4182	15	833	3	0	0	0	0	2312	7	116	1
727	862	645	494	165	0	0	3974	29	0	0	0	0	0	0	4250	10	0	0
728	863	40	5	131	2040	10	4017	25	0	0	1020	2	0	0	4420	9	0	0
729	864	5	10	129	3421	18	0	0	0	0	1785	3	1700	1	680	2	0	0
730	865	650	651	192	0	0	0	0	0	0	1870	1	0	0	4590	9	0	0
731	866	652	650	70	0	0	0	0	0	0	0	0	0	0	0	0	0	0
732	868	492	652	127	4219	36	0	0	0	0	0	0	0	0	6290	15	0	0
733	869	653	138	142	0	0	0	0	2278	11	0	0	0	0	2652	13	1268	10
734	870	138	654	108	0	0	0	0	1921	6	0	0	0	0	1224	6	944	8
735	871	412	653	85	0	0	3060	6	204	1	1530	3	0	0	1224	3	232	2
736	872	235	655	26	0	0	0	0	204	1	0	0	0	0	204	1	0	0
737	873	617	655	49	0	0	0	0	119	1	0	0	0	0	204	1	232	2
738	874	485	480	29	0	0	0	0	0	0	0	0	0	0	0	0	0	0
739	875	655	234	23	0	0	0	0	0	0	0	0	0	0	0	0	0	0
740	876	235	485	67	0	0	0	0	493	2	0	0	0	0	408	2	472	4
741	877	480	656	106	0	0	3749	25	0	0	1870	1	0	0	5100	10	0	0
742	878	414	657	85	0	0	0	0	1870	1	0	0	0	0	0	0	0	0
743	879	658	623	39	0	0	0	0	0	0	0	0	0	0	0	0	0	0
744	880	657	658	247	0	0	0	0	1836	11	0	0	0	0	2040	10	712	6
745	882	656	202	76	0	0	0	0	0	0	0	0	0	0	0	0	0	0
746	883	623	656	81	0	0	0	0	0	0	0	0	0	0	0	0	0	0
747	884	659	660	82	0	0	0	0	663	4	0	0	0	0	816	4	352	3
748	885	137	659	77	0	0	0	0	935	5	0	0	0	0	1020	5	944	8
749	886	136	659	81	0	0	0	0	357	2	0	0	0	0	408	2	352	3
750	887	661	137	87	0	0	0	0	1207	4	0	0	0	0	612	3	640	4
751	888	662	410	85	0	0	0	0	0	0	0	0	0	0	0	0	0	0
752	889	406	663	85	0	0	0	0	1020	2	0	0	0	0	0	0	0	0
753	890	483	479	27	0	0	0	0	0	0	0	0	0	0	0	0	0	0
754	891	664	657	72	0	0	3825	8	238	2	0	0	0	0	2788	7	472	4
755	892	664	413	85	0	0	0	0	0	0	0	0	0	0	0	0	0	0
756	893	411	665	85	0	0	0	0	0	0	0	0	0	0	0	0	0	0
757	894	663	662	44	0	0	0	0	578	2	0	0	0	0	612	3	464	4
758	895	479	663	62	0	0	0	0	612	3	0	0	0	0	408	2	0	0
759	896	653	483	93	0	0	0	0	1105	5	0	0	0	0	612	3	436	3
760	897	662	661	74	0	0	0	0	510	3	0	0	0	0	612	3	232	2
761	898	664	665	18	0	0	0	0	0	0	0	0	0	0	0	0	0	0
762	899	665	661	3	0	0	0	0	0	0	0	0	0	0	0	0	0	0
763	900	484	482	27	0	0	0	0	0	0	0	0	0	0	0	0	0	0
764	901	660	658	63	0	0	0	0	153	1	0	0	0	0	204	1	116	1
765	902	482	660	93	0	0	0	0	119	1	0	0	0	0	204	1	232	2
766	903	481	623	140	0	0	0	0	0	0	0	0	0	0	0	0	0	0
767	904	236	654	29	0	0	0	0	204	1	0	0	0	0	204	1	408	2
768	905	666	612	70	0	0	0	0	1122	7	1870	1	0	0	1428	7	232	2
769	906	667	243	88	0	0	0	0	1955	9	0	0	0	0	2448	9	952	8
770	907	668	669	129	0	0	816	4	4386	13	0	0	0	0	2822	11	232	2
771	908	236	484	80	0	0	0	0	578	4	0	0	0	0	816	4	0	0
772	909	669	667	189	0	0	0	0	4930	21	0	0	0	0	3672	18	2388	18
773	910	612	654	73	0	0	0	0	459	3	0	0	0	0	612	3	232	2
774	911	243	666	102	0	0	0	0	1479	9	0	0	0	0	2040	10	1068	9
775	912	239	241	69	0	0	0	0	1496	9	0	0	0	0	1632	8	472	4
776	913	670	615	75	0	0	0	0	1207	8	0	0	0	0	1632	8	0	0
777	914	241	670	38	0	0	0	0	510	3	0	0	0	0	612	3	236	2
778	915	670	614	63	0	0	0	0	153	1	0	0	0	0	204	1	0	0
779	916	408	238	76	0	0	1547	13	1377	7	0	0	0	0	1428	7	948	8
780	917	238	239	71	0	0	0	0	1224	8	0	0	0	0	1632	8	0	0
781	918	671	672	79	0	0	0	0	1683	7	0	0	0	0	1836	9	320	2
782	919	672	667	82	0	0	0	0	1377	5	0	0	0	0	1020	5	524	3
783	920	673	672	166	0	0	0	0	3961	21	0	0	0	0	3264	16	1472	11
784	921	674	673	155	0	0	0	0	6083	24	1870	1	0	0	2448	12	1944	15
785	922	673	669	76	0	0	0	0	459	3	0	0	0	0	408	2	232	2
786	923	675	673	77	0	0	0	0	357	2	0	0	0	0	612	3	964	6
787	924	676	675	179	0	0	1530	3	4678	19	0	0	0	0	4250	18	1624	13
788	925	675	671	143	0	0	0	0	5236	18	0	0	0	0	2312	10	1644	12
789	926	246	677	258	0	0	3682	18	5867	33	0	0	0	0	8042	35	0	0
790	927	584	246	214	0	0	3026	18	3499	20	0	0	0	0	3944	16	0	0
791	928	677	611	110	0	0	2550	5	0	0	1020	2	0	0	0	0	0	0
792	929	677	678	34	0	0	1700	4	0	0	0	0	0	0	850	2	0	0
793	930	643	490	263	0	0	4180	19	0	0	3400	2	0	0	2380	5	0	0
794	931	253	87	35	0	0	0	0	0	0	0	0	0	0	0	0	0	0
795	932	128	253	279	3992	29	4067	27	2040	4	2720	7	0	0	7650	18	0	0
796	933	474	517	8	0	0	0	0	0	0	0	0	0	0	0	0	0	0
797	934	517	652	86	3983	14	0	0	0	0	1020	2	0	0	680	2	0	0
798	935	476	519	6	0	0	0	0	0	0	0	0	0	0	0	0	0	0
799	936	120	258	153	0	0	3479	12	850	2	0	0	0	0	1258	4	0	0
800	937	258	256	95	0	0	0	0	0	0	0	0	0	0	0	0	0	0
801	938	679	680	70	3899	10	0	0	0	0	0	0	0	0	0	0	0	0
802	939	64	679	144	3741	16	0	0	0	0	1530	3	0	0	2040	4	0	0
803	940	679	62	51	0	0	0	0	0	0	0	0	0	0	0	0	0	0
804	941	681	682	16	0	0	0	0	0	0	0	0	0	0	0	0	0	0
805	942	259	683	62	0	0	0	0	323	2	0	0	0	0	408	2	472	4
806	943	563	684	440	0	0	0	0	5718	43	0	0	0	0	5800	42	5248	42
807	944	259	681	8	0	0	0	0	0	0	0	0	0	0	0	0	0	0
808	945	685	35	164	4080	8	0	0	3968	22	0	0	0	0	4590	9	0	0
809	946	683	681	64	0	0	0	0	0	0	0	0	0	0	0	0	0	0
810	947	686	687	269	4182	19	0	0	0	0	0	0	0	0	2244	6	0	0
811	948	686	688	61	0	0	0	0	0	0	0	0	0	0	0	0	0	0
812	949	684	32	10	0	0	0	0	0	0	0	0	0	0	0	0	0	0
813	951	689	686	13	0	0	0	0	0	0	0	0	0	0	0	0	0	0
814	952	688	690	64	3726	19	0	0	0	0	0	0	0	0	2244	6	0	0
815	953	691	565	252	0	0	0	0	4386	22	0	0	0	0	4488	22	3872	29
816	954	563	565	21	0	0	0	0	0	0	0	0	0	0	0	0	0	0
817	955	683	689	53	0	0	0	0	0	0	0	0	0	0	0	0	0	0
818	956	685	692	176	0	0	2040	4	510	1	0	0	0	0	0	0	0	0
819	957	689	685	13	0	0	0	0	0	0	0	0	0	0	0	0	0	0
820	958	536	691	181	0	0	0	0	1802	11	0	0	0	0	3162	11	952	8
821	959	127	691	82	0	0	0	0	1734	6	0	0	0	0	1224	6	0	0
822	960	554	127	118	0	0	0	0	2397	13	0	0	0	0	1836	9	1064	9
823	961	534	260	53	4080	8	0	0	2074	2	0	0	0	0	1224	3	232	2
824	962	550	556	192	0	0	0	0	4318	13	0	0	0	0	2380	11	232	2
825	963	554	556	15	0	0	0	0	0	0	0	0	0	0	0	0	0	0
826	964	691	260	91	0	0	0	0	561	3	0	0	0	0	816	4	232	2
827	965	693	694	38	0	0	0	0	0	0	0	0	0	0	0	0	0	0
828	966	682	693	37	0	0	3060	6	1700	1	0	0	0	0	850	2	0	0
829	967	518	262	144	0	0	1020	2	3516	9	0	0	0	0	2380	5	0	0
830	968	695	693	39	0	0	0	0	1360	4	0	0	0	0	850	2	0	0
831	969	694	684	16	0	0	0	0	0	0	0	0	0	0	0	0	0	0
832	970	682	694	8	0	0	0	0	0	0	0	0	0	0	0	0	0	0
833	971	561	695	117	0	0	3060	6	1054	3	0	0	0	0	1224	3	0	0
834	972	262	561	180	0	0	0	0	3774	9	0	0	0	0	748	3	116	1
835	973	314	312	81	0	0	0	0	969	6	0	0	0	0	1224	6	352	3
836	974	562	314	80	0	0	0	0	544	4	0	0	0	0	816	4	232	2
837	975	312	695	288	0	0	4060	44	1802	9	0	0	0	0	9388	32	712	6
838	976	318	127	70	0	0	0	0	153	1	0	0	0	0	204	1	0	0
839	977	318	564	184	0	0	0	0	2482	15	0	0	0	0	3060	15	824	7
840	978	696	119	71	0	0	0	0	0	0	0	0	0	0	0	0	0	0
841	980	53	697	70	1700	4	0	0	0	0	0	0	0	0	544	2	0	0
842	981	697	696	179	1020	2	0	0	0	0	0	0	0	0	0	0	0	0
843	982	698	699	79	0	0	0	0	204	1	0	0	0	0	204	1	116	1
844	983	700	701	68	0	0	0	0	1785	11	0	0	0	0	2040	10	464	4
845	984	702	703	68	0	0	0	0	1275	6	0	0	0	0	1224	6	232	2
846	985	699	704	45	0	0	0	0	425	3	0	0	0	0	612	3	704	6
847	986	530	698	220	0	0	1360	4	5806	49	0	0	0	0	6784	52	2696	22
848	987	702	700	82	0	0	0	0	1003	4	0	0	0	0	1020	5	0	0
849	988	704	702	20	0	0	0	0	0	0	0	0	0	0	0	0	0	0
850	989	705	706	190	0	0	0	0	3332	20	0	0	0	0	3672	18	3220	25
851	990	700	705	65	0	0	0	0	357	2	0	0	0	0	408	2	0	0
852	991	706	570	94	0	0	0	0	408	2	0	0	0	0	204	1	0	0
853	992	707	708	122	0	0	3712	13	0	0	1870	1	0	0	2278	6	0	0
854	993	705	709	77	0	0	0	0	918	6	0	0	0	0	1020	5	1000	7
855	994	709	710	55	0	0	0	0	714	4	0	0	0	0	612	3	0	0
856	995	711	705	74	0	0	0	0	1632	5	0	0	0	0	1088	4	0	0
857	996	708	57	151	1632	8	3715	25	0	0	0	0	1700	1	5388	12	0	0
858	997	57	712	99	0	0	3774	8	0	0	0	0	0	0	1088	4	0	0
859	998	713	707	360	0	0	3421	42	4414	27	1258	4	0	0	8384	40	232	2
860	999	712	322	113	0	0	0	0	0	0	0	0	0	0	0	0	0	0
861	1000	286	713	144	0	0	4319	30	3893	9	0	0	0	0	2822	11	408	2
862	1001	709	714	16	0	0	0	0	0	0	0	0	0	0	0	0	0	0
863	1002	714	715	40	0	0	0	0	153	1	0	0	0	0	0	0	0	0
864	1004	322	716	91	0	0	0	0	357	2	0	0	0	0	408	2	556	4
865	1005	716	711	47	0	0	0	0	0	0	0	0	0	0	0	0	0	0
866	1006	717	711	25	0	0	0	0	0	0	0	0	0	0	0	0	0	0
867	1007	322	717	91	0	0	0	0	0	0	0	0	0	0	0	0	0	0
868	1008	718	712	255	0	0	3770	29	153	1	0	0	0	0	5814	13	232	2
869	1009	712	569	291	0	0	4174	23	3655	19	0	0	0	0	7752	27	1624	13
870	1010	538	718	187	0	0	3858	18	2856	18	0	0	0	0	8160	29	1660	14
871	1011	719	720	79	0	0	0	0	323	2	0	0	0	0	612	3	712	6
872	1012	721	704	92	0	0	0	0	2142	18	0	0	0	0	0	0	0	0
873	1013	720	699	92	0	0	0	0	2380	20	0	0	0	0	0	0	0	0
874	1014	720	721	45	0	0	0	0	425	3	0	0	0	0	408	2	472	4
875	1015	722	568	74	0	0	0	0	204	1	0	0	0	0	204	1	232	2
876	1016	716	717	38	0	0	0	0	0	0	0	0	0	0	0	0	0	0
877	1017	535	719	210	0	0	0	0	4486	39	0	0	0	0	4230	38	3408	28
878	1018	717	722	205	0	0	850	2	4998	24	0	0	0	0	4828	23	3580	28
879	1019	721	716	111	0	0	2550	5	1445	6	0	0	0	0	1836	9	668	5
880	1020	698	723	111	0	0	0	0	1292	10	0	0	0	0	2040	10	352	3
881	1021	324	719	88	0	0	0	0	1020	8	0	0	0	0	1632	8	756	5
882	1022	719	698	90	0	0	0	0	1292	8	0	0	0	0	1632	8	592	5
883	1023	718	324	114	0	0	0	0	2482	18	0	0	0	0	3468	17	1424	12
884	1024	124	724	41	2550	5	0	0	850	2	0	0	0	0	884	3	232	2
885	1025	725	714	255	0	0	3655	30	5950	31	2550	5	0	0	6154	19	1392	11
886	1026	725	726	84	0	0	0	0	2176	9	0	0	0	0	1428	7	0	0
887	1027	724	727	107	0	0	0	0	2210	16	0	0	0	0	3468	17	1000	7
888	1028	326	723	47	0	0	0	0	153	1	0	0	0	0	204	1	0	0
889	1029	727	326	36	0	0	0	0	765	5	0	0	0	0	1428	7	704	6
890	1030	723	725	75	0	0	3264	16	3502	9	0	0	0	0	0	0	0	0
891	1031	706	715	206	0	0	0	0	3672	21	0	0	0	0	4488	22	1860	15
892	1032	722	706	94	0	0	0	0	1054	3	680	2	0	0	884	3	116	1
893	1034	728	511	70	1020	2	0	0	0	0	0	0	0	0	4590	9	0	0
894	1035	500	729	109	0	0	4049	10	1870	1	510	1	0	0	3604	9	0	0
895	1036	730	731	95	0	0	3448	10	1020	2	0	0	0	0	2958	9	0	0
896	1037	732	729	4	0	0	0	0	0	0	0	0	0	0	0	0	0	0
897	1038	707	728	89	4080	8	0	0	0	0	0	0	0	0	0	0	0	0
898	1039	731	707	107	0	0	0	0	0	0	0	0	0	0	0	0	0	0
899	1040	732	730	85	0	0	0	0	1020	2	0	0	0	0	322	2	0	0
900	1041	733	734	35	0	0	0	0	0	0	0	0	0	0	0	0	0	0
901	1042	728	735	97	0	0	0	0	510	1	0	0	0	0	0	0	0	0
902	1043	735	734	145	2040	4	0	0	850	2	0	0	0	0	680	2	0	0
903	1044	566	734	34	0	0	0	0	0	0	0	0	0	0	0	0	0	0
904	1046	736	737	86	510	1	3570	7	119	1	0	0	0	0	1360	3	0	0
905	1047	58	736	84	2040	4	3570	7	1020	2	0	0	0	0	1428	4	0	0
906	1048	737	738	25	0	0	3570	13	850	2	0	0	0	0	2720	3	0	0
907	1049	738	735	25	0	0	0	0	0	0	0	0	0	0	0	0	0	0
908	1050	733	567	35	0	0	0	0	0	0	0	0	0	0	0	0	0	0
909	1051	736	733	118	0	0	2856	8	0	0	0	0	0	0	1190	3	0	0
910	1052	285	739	151	0	0	3060	6	1836	5	0	0	0	0	3366	13	472	4
911	1053	739	731	338	0	0	2040	4	5670	33	0	0	0	0	5440	23	2116	15
912	1055	740	741	47	0	0	0	0	0	0	3740	2	0	0	748	3	0	0
913	1057	731	740	57	0	0	0	0	0	0	0	0	0	0	0	0	0	0
914	1058	742	48	229	0	0	3060	6	3935	16	0	0	0	0	5848	12	408	2
915	1060	743	730	336	0	0	510	1	7370	49	0	0	0	0	8942	41	4840	35
916	1061	730	742	56	0	0	1224	6	816	4	1870	1	0	0	1088	4	0	0
917	1062	281	743	140	0	0	1530	3	4064	17	0	0	0	0	3876	15	640	4
918	1063	504	732	177	0	0	4158	25	0	0	0	0	0	0	6698	17	0	0
919	1064	291	504	285	0	0	3605	43	3530	11	0	0	0	0	7352	34	0	0
920	1065	729	330	75	0	0	3570	7	0	0	0	0	0	0	1530	4	0	0
921	1066	330	332	77	0	0	3515	9	0	0	1360	3	0	0	1190	3	0	0
922	1067	332	59	142	0	0	4225	9	4108	14	0	0	0	0	2584	10	0	0
923	1068	547	336	181	0	0	3429	34	2193	10	0	0	0	0	6562	20	0	0
924	1069	744	338	25	0	0	0	0	0	0	0	0	0	0	0	0	0	0
925	1070	336	744	26	0	0	0	0	1870	1	0	0	0	0	0	0	0	0
926	1071	338	532	202	0	0	3428	12	2669	6	0	0	0	0	6800	14	0	0
927	1072	546	745	211	3743	11	0	0	3754	17	510	1	0	0	5338	14	0	0
928	1073	745	533	225	1530	3	4082	19	4507	18	1870	1	0	0	7038	22	408	2
929	1074	745	60	60	1020	2	0	0	0	0	0	0	0	0	544	2	0	0
930	1075	744	339	79	0	0	0	0	0	0	0	0	0	0	1870	4	0	0
931	1076	339	745	68	0	0	0	0	0	0	0	0	0	0	0	0	0	0
932	1077	335	85	11	0	0	0	0	0	0	0	0	0	0	0	0	0	0
933	1078	545	335	179	2720	10	3494	18	1700	4	0	0	0	0	4896	14	0	0
934	1079	85	337	40	0	0	0	0	0	0	0	0	0	0	0	0	0	0
935	1080	337	531	201	0	0	3411	29	4223	11	0	0	0	0	5100	15	0	0
936	1081	102	746	74	0	0	0	0	3590	14	0	0	0	0	850	2	0	0
937	1082	102	100	6	0	0	0	0	0	0	0	0	0	0	0	0	0	0
938	1083	544	341	60	0	0	0	0	0	0	0	0	0	0	0	0	0	0
939	1084	341	100	70	0	0	3958	16	0	0	0	0	0	0	3876	11	0	0
940	1085	529	97	219	0	0	0	0	0	0	3060	6	3400	2	1020	2	0	0
941	1086	747	748	72	0	0	0	0	0	0	0	0	0	0	0	0	0	0
942	1087	528	747	74	0	0	2550	5	0	0	0	0	0	0	884	3	0	0
943	1088	748	746	74	0	0	1530	3	0	0	0	0	0	0	1530	3	0	0
944	1089	739	713	65	510	1	0	0	510	1	0	0	0	0	748	3	544	2
945	1090	743	739	65	0	0	0	0	1020	2	0	0	0	0	204	1	0	0
946	1091	749	750	195	0	0	3451	19	1870	1	0	0	0	0	3434	12	0	0
947	1092	63	749	13	0	0	0	0	0	0	0	0	0	0	0	0	0	0
948	1093	547	343	82	0	0	3315	10	7610	30	3400	7	0	0	340	1	0	0
949	1094	343	750	75	0	0	0	0	4197	42	6630	13	0	0	0	0	0	0
950	1095	751	752	60	2550	5	0	0	3485	7	0	0	0	0	1972	6	0	0
951	1096	752	183	93	0	0	1530	3	2040	4	0	0	0	0	2278	6	0	0
952	1097	357	514	72	1632	8	0	0	1836	9	0	0	0	0	408	2	0	0
953	1098	514	49	156	0	0	3417	9	4024	26	1802	6	0	0	4080	13	0	0
954	1099	753	751	96	1530	3	0	0	3890	19	340	1	0	0	3230	11	204	1
955	1100	753	178	25	0	0	0	0	0	0	0	0	0	0	0	0	0	0
956	1101	147	349	258	3449	10	2448	9	3509	10	1020	2	0	0	3230	7	0	0
957	1102	349	178	77	0	0	0	0	0	0	0	0	0	0	0	0	0	0
958	1103	752	357	23	0	0	2550	5	0	0	0	0	0	0	0	0	0	0
959	1104	353	754	112	0	0	0	0	4243	14	0	0	0	0	1904	8	0	0
960	1105	755	756	44	0	0	0	0	510	1	0	0	0	0	544	2	0	0
961	1106	94	755	151	0	0	3910	8	4420	11	0	0	0	0	1632	6	0	0
962	1107	755	353	111	0	0	2550	5	510	1	0	0	0	0	1394	4	0	0
963	1108	354	757	112	0	0	1224	6	3910	8	0	0	0	0	2142	6	0	0
964	1109	756	354	19	0	0	0	0	0	0	0	0	0	0	0	0	0	0
965	1110	757	147	77	0	0	450	7	1530	3	0	0	0	0	544	2	0	0
966	1111	758	351	99	612	3	3230	14	0	0	1530	3	0	0	1632	6	0	0
967	1112	758	759	67	0	0	3978	12	0	0	0	0	0	0	1360	3	0	0
968	1113	757	754	39	0	0	0	0	0	0	0	0	0	0	0	0	0	0
969	1114	754	758	40	0	0	2040	4	0	0	0	0	0	0	1088	4	0	0
970	1115	760	178	149	0	0	2040	4	3400	2	1700	1	0	0	544	2	0	0
971	1116	351	760	44	0	0	0	0	0	0	0	0	0	0	0	0	0	0
972	1117	753	356	76	0	0	0	0	204	1	0	0	0	0	0	0	0	0
973	1118	355	761	152	0	0	0	0	2839	15	0	0	0	0	2244	11	1544	13
974	1119	751	355	98	0	0	0	0	4896	14	0	0	0	0	2108	9	668	5
975	1120	762	589	166	0	0	2040	4	4005	15	0	0	0	0	3364	16	728	4
976	1121	397	762	265	0	0	0	0	5012	29	0	0	0	0	4198	21	1748	14
977	1122	763	360	82	0	0	4080	8	1547	5	0	0	0	0	2482	7	0	0
978	1123	360	762	53	0	0	0	0	204	1	0	0	0	0	204	1	204	1
979	1124	595	763	126	0	0	2040	10	1003	3	0	0	0	0	748	3	232	2
980	1125	359	763	77	0	0	425	1	0	0	0	0	0	0	408	2	0	0
981	1126	764	359	74	0	0	4147	14	0	0	1700	1	0	0	4080	13	0	0
982	1127	765	79	26	0	0	714	2	0	0	0	0	0	0	322	2	0	0
983	1128	79	389	62	0	0	1020	2	0	0	0	0	0	0	544	2	0	0
984	1129	470	766	23	0	0	3264	16	0	0	0	0	0	0	1700	4	0	0
985	1130	766	765	35	0	0	1275	3	1020	2	0	0	0	0	1088	4	0	0
986	1131	767	768	52	0	0	0	0	2125	5	0	0	0	0	850	2	0	0
987	1132	373	767	188	0	0	4250	9	4216	13	0	0	0	0	6018	19	0	0
988	1133	768	769	27	0	0	340	1	0	0	0	0	0	0	1190	3	0	0
989	1134	765	368	75	0	0	0	0	2550	5	0	0	0	0	816	4	0	0
990	1135	368	770	92	0	0	0	0	3688	24	0	0	0	0	6052	18	0	0
991	1136	770	767	69	0	0	1836	9	2550	5	0	0	0	0	1020	2	0	0
992	1138	395	770	178	1836	9	3825	8	4930	7	0	0	0	0	4352	15	0	0
993	1139	771	155	94	3060	6	0	0	0	0	0	0	0	0	2040	5	0	0
994	1140	392	771	67	0	0	2720	6	0	0	0	0	0	0	1496	6	0	0
995	1141	771	772	112	0	0	3414	11	0	0	0	0	0	0	2278	6	0	0
996	1142	377	773	101	0	0	1700	7	1224	3	0	0	0	0	1836	6	640	4
997	1143	396	377	97	0	0	1020	2	2448	6	0	0	0	0	1802	6	0	0
998	1144	773	158	127	0	0	1173	4	3791	9	0	0	0	0	1972	9	408	2
999	1145	773	204	97	0	0	2754	9	1020	5	0	0	0	0	408	2	0	0
1000	1146	204	112	111	0	0	1445	10	1700	1	0	0	0	0	408	2	0	0
1001	1147	112	756	139	0	0	816	4	4236	12	0	0	0	0	3910	14	0	0
1002	1148	381	382	56	0	0	4080	8	204	1	714	2	0	0	850	2	0	0
1003	1149	774	267	101	0	0	3060	6	3060	6	0	0	0	0	1700	4	0	0
1004	1150	382	378	83	0	0	2040	4	0	0	0	0	0	0	0	0	0	0
1005	1151	379	378	3	0	0	0	0	0	0	0	0	0	0	0	0	0	0
1006	1152	36	381	96	0	0	3420	15	0	0	0	0	0	0	3298	12	0	0
1007	1153	379	109	101	0	0	2091	9	578	2	0	0	0	0	1020	5	0	0
1008	1154	109	775	82	0	0	4112	10	2550	5	0	0	0	0	2210	6	0	0
1009	1155	774	775	38	0	0	0	0	0	0	0	0	0	0	0	0	0	0
1010	1156	146	775	118	3060	6	0	0	1870	4	0	0	0	0	1462	5	0	0
1011	1157	775	776	98	510	1	0	0	884	5	0	0	0	0	1224	6	824	7
1012	1158	776	106	128	0	0	0	0	3196	12	0	0	0	0	2244	11	2456	20
1013	1159	295	777	156	0	0	2040	4	0	0	0	0	0	0	3264	8	0	0
1014	1160	97	746	73	0	0	0	0	0	0	1700	1	0	0	0	0	0	0
1015	1161	777	746	107	0	0	0	0	0	0	0	0	0	0	0	0	0	0
1016	1162	502	778	78	0	0	3060	6	0	0	1020	2	0	0	510	1	0	0
1017	1163	777	101	73	0	0	0	0	6338	21	0	0	0	0	2890	6	0	0
1018	1164	779	777	74	0	0	1020	2	0	0	0	0	0	0	4420	9	0	0
1019	1165	778	779	73	0	0	510	1	0	0	0	0	0	0	1870	4	0	0
1020	1166	289	779	165	0	0	1020	2	612	3	2380	5	0	0	1530	3	0	0
1021	1167	779	748	108	0	0	0	0	0	0	0	0	0	0	0	0	0	0
1022	1168	292	778	176	0	0	4054	20	0	0	3400	2	0	0	2380	6	0	0
1023	1169	778	747	109	0	0	2040	4	4080	8	2805	1	0	0	1240	5	0	0
1024	1170	776	774	141	2890	6	4247	17	510	1	1700	1	0	0	3910	15	340	1
1025	1171	774	780	63	0	0	3774	8	1360	3	0	0	0	0	1904	8	0	0
1026	1172	420	781	66	0	0	0	0	714	2	0	0	0	0	408	2	624	2
1027	1173	781	782	51	0	0	0	0	816	5	0	0	0	0	1020	5	676	5
1028	1174	37	420	111	0	0	1530	3	2550	7	1700	1	0	0	1632	5	472	4
1029	1175	781	441	21	0	0	0	0	918	3	0	0	0	0	408	2	640	4
1030	1176	441	279	88	0	0	0	0	3502	11	0	0	0	0	2040	8	880	6
1031	1177	783	278	99	1275	3	1870	4	2754	6	0	0	0	0	1292	5	0	0
1032	1178	172	783	201	0	0	510	1	5414	19	0	0	0	0	2974	15	2472	14
1033	1179	421	307	83	1020	2	0	0	2720	6	0	0	0	0	2244	6	0	0
1034	1180	783	421	125	3485	11	3715	23	918	3	0	0	0	0	5576	16	0	0
1035	1181	784	785	106	0	0	0	0	4179	13	0	0	0	0	1088	4	408	2
1036	1182	786	787	76	0	0	0	0	1530	3	0	0	0	0	204	1	232	2
1037	1183	788	786	61	0	0	0	0	1020	2	0	0	0	0	544	2	0	0
1038	1184	787	272	95	0	0	3060	6	4004	10	0	0	0	0	2924	8	0	0
1039	1185	789	788	32	0	0	0	0	0	0	0	0	0	0	0	0	0	0
1040	1186	790	789	69	0	0	0	0	0	0	0	0	0	0	0	0	0	0
1041	1187	434	791	65	0	0	0	0	0	0	0	0	0	0	0	0	0	0
1042	1188	785	792	62	0	0	0	0	0	0	0	0	0	0	0	0	0	0
1043	1189	792	791	108	0	0	0	0	0	0	0	0	0	0	0	0	0	0
1044	1190	791	793	18	0	0	0	0	0	0	0	0	0	0	0	0	0	0
1045	1191	793	789	39	0	0	0	0	0	0	0	0	0	0	0	0	0	0
1046	1192	792	434	12	0	0	0	0	0	0	0	0	0	0	0	0	0	0
1047	1193	793	794	81	0	0	3473	19	0	0	0	0	0	0	3910	9	0	0
1048	1194	790	793	32	0	0	0	0	0	0	0	0	0	0	0	0	0	0
1049	1195	795	790	92	0	0	3060	6	0	0	0	0	0	0	1598	5	0	0
1050	1196	437	796	35	0	0	1530	3	0	0	0	0	0	0	0	0	0	0
1051	1197	797	12	40	0	0	0	0	1564	4	0	0	0	0	408	2	0	0
1052	1198	431	798	21	0	0	0	0	0	0	0	0	0	0	0	0	0	0
1053	1199	431	785	73	3570	7	0	0	0	0	0	0	0	0	1700	4	0	0
1054	1200	785	435	66	0	0	0	0	0	0	0	0	0	0	0	0	0	0
1055	1201	428	799	71	1020	5	0	0	612	3	0	0	0	0	1088	4	0	0
1056	1202	68	428	196	1530	3	3926	13	1224	6	0	0	0	0	3502	10	0	0
1057	1203	799	429	118	3925	22	0	0	3812	20	1700	1	0	0	8020	23	0	0
1058	1204	429	798	53	0	0	2890	6	340	1	0	0	0	0	1394	4	0	0
1059	1205	796	435	35	0	0	0	0	0	0	0	0	0	0	0	0	0	0
1060	1206	797	437	30	0	0	0	0	0	0	0	0	0	0	0	0	0	0
1061	1207	433	795	106	0	0	1530	3	0	0	0	0	0	0	680	2	0	0
1062	1208	800	801	77	0	0	0	0	1870	4	0	0	0	0	544	2	0	0
1063	1209	802	803	58	0	0	0	0	4250	12	0	0	0	0	816	4	0	0
1064	1210	801	268	90	0	0	2550	5	3060	4	0	0	0	0	1700	7	472	4
1065	1211	798	433	60	0	0	1224	8	2040	4	0	0	0	0	1734	5	0	0
1066	1212	802	795	7	0	0	0	0	0	0	0	0	0	0	0	0	0	0
1067	1213	803	800	54	0	0	510	1	2193	5	0	0	0	0	798	3	0	0
1068	1214	800	786	129	0	0	1530	3	3604	8	0	0	0	0	2312	10	0	0
1069	1215	157	800	391	0	0	0	0	5514	62	340	1	0	0	7956	37	3696	20
1070	1216	801	787	130	0	0	1275	3	4106	19	0	0	0	0	4624	18	0	0
1071	1217	156	801	391	0	0	4369	30	5352	37	0	0	0	0	8446	46	524	3
1072	1218	788	804	81	0	0	0	0	0	0	0	0	0	0	0	0	0	0
1073	1219	803	788	127	0	0	510	1	1989	7	0	0	0	0	1156	5	640	4
1074	1220	796	425	114	0	0	3661	23	510	1	0	0	0	0	5032	13	0	0
1075	1221	426	794	59	0	0	0	0	0	0	0	0	0	0	0	0	0	0
1076	1222	426	804	13	0	0	0	0	0	0	0	0	0	0	0	0	0	0
1077	1223	425	794	6	0	0	0	0	0	0	0	0	0	0	0	0	0	0
1078	1224	804	805	83	0	0	2652	7	0	0	0	0	0	0	1020	2	0	0
1079	1226	805	273	136	0	0	3637	18	3060	6	1530	3	0	0	4318	12	0	0
1080	1227	423	806	32	0	0	0	0	0	0	0	0	0	0	0	0	0	0
1081	1228	806	805	63	0	0	3060	6	0	0	0	0	0	0	3094	9	0	0
1082	1229	423	300	139	1020	2	2040	4	0	0	0	0	0	0	544	2	0	0
1083	1230	797	375	115	0	0	0	0	3400	7	3570	2	0	0	1496	6	0	0
1084	1231	376	375	44	0	0	0	0	0	0	0	0	0	0	0	0	0	0
1085	1232	376	806	99	0	0	0	0	0	0	0	0	0	0	0	0	0	0
1086	1233	807	802	122	0	0	2550	5	3526	21	0	0	0	0	5032	20	232	2
1087	1234	149	807	269	1700	4	3582	16	4703	20	544	2	0	0	7738	31	0	0
1088	1235	150	808	219	0	0	3709	13	3536	9	0	0	0	0	3400	11	232	2
1089	1236	808	807	98	0	0	0	0	0	0	0	0	0	0	0	0	0	0
1090	1237	799	427	131	2210	6	510	1	0	0	0	0	0	0	544	2	0	0
1091	1238	427	808	56	1020	3	1530	3	0	0	0	0	0	0	544	2	0	0
1092	1239	424	809	34	0	0	1530	3	0	0	0	0	0	0	544	2	0	0
1093	1240	809	301	99	0	0	3807	16	816	4	0	0	0	0	1530	3	0	0
1094	1241	165	440	102	1530	3	2890	6	4012	10	0	0	0	0	3264	11	0	0
1095	1242	440	424	80	0	0	4182	13	0	0	1700	1	0	0	2924	11	0	0
1096	1243	442	588	90	0	0	0	0	0	0	0	0	0	0	0	0	0	0
1097	1244	274	442	78	0	0	3554	23	1887	8	0	0	0	0	3162	12	0	0
1098	1245	809	274	97	0	0	3695	11	3468	11	0	0	0	0	3740	12	0	0
1099	1246	444	443	106	0	0	3964	23	0	0	0	0	0	0	3570	11	0	0
1100	1247	306	444	97	0	0	3728	11	510	1	1700	1	0	0	2516	8	0	0
1101	1248	455	171	177	0	0	510	1	3570	7	0	0	0	0	408	2	0	0
1102	1249	293	445	133	0	0	3698	10	0	0	0	0	0	0	1496	6	0	0
1103	1250	445	508	68	0	0	1275	3	1700	1	3060	4	0	0	544	2	0	0
1104	1251	508	453	59	0	0	0	0	0	0	0	0	0	0	0	0	0	0
1105	1252	453	455	62	0	0	0	0	0	0	0	0	0	0	0	0	0	0
1106	1253	810	811	163	0	0	1530	3	0	0	0	0	0	0	680	2	0	0
1107	1254	287	456	124	3060	6	3910	9	2550	5	0	0	0	0	3162	10	0	0
1108	1255	811	69	39	0	0	3060	6	1020	2	0	0	0	0	2482	8	0	0
1109	1256	70	303	14	0	0	0	0	0	0	0	0	0	0	0	0	0	0
1110	1257	456	69	112	0	0	1938	8	850	2	0	0	0	0	1428	5	0	0
1111	-1	636	637	1	0	0	0	0	0	0	0	0	0	0	0	0	0	0
1112	-2	641	642	1	0	0	0	0	0	0	0	0	0	0	0	0	0	0
1113	-3	687	688	1	0	0	0	0	0	0	0	0	0	0	0	0	0	0
1114	-4	13	296	211	0	0	0	0	0	0	0	0	0	0	0	0	0	0
1115	-5	8	9	18	0	0	0	0	0	0	0	0	0	0	0	0	0	0
1116	-6	116	265	163	0	0	0	0	0	0	0	0	0	0	0	0	0	0
1117	-8	178	177	93	0	0	0	0	0	0	0	0	0	0	0	0	0	0
1118	-9	231	7	69	0	0	0	0	0	0	0	0	0	0	0	0	0	0
1119	-10	433	434	107	0	0	0	0	0	0	0	0	0	0	0	0	0	0
1120	-14	305	509	336	0	0	0	0	0	0	0	0	0	0	0	0	0	0
1121	-15	578	580	182	0	0	0	0	0	0	0	0	0	0	0	0	0	0
1122	-16	467	462	38	0	0	0	0	0	0	0	0	0	0	0	0	0	0
1123	-17	643	409	72	0	0	0	0	0	0	0	0	0	0	0	0	0	0
END
