ProblemType:	SP-CARP
NumberNodes:	795
NumberEdges:	1106
DepotNodeNumber:	0
NumberOfFractions:	1
NumberOfIntervalsForFraction	Paper	3	7	14	56
GRAPH
EdgeNumber	EdgeId	StartNodeNumber	EndNodeNumber	Cost	Demand_0	Bins_0	Demand_1	Bins_1	Demand_2	Bins_2
START
0	0	0	1	41	0	0	0	0	0	0
1	11	5	6	54	0	0	0	0	0	0
2	12	7	8	204	0	0	2040	4	0	0
3	13	7	9	10	0	0	0	0	0	0
4	14	9	6	10	0	0	0	0	0	0
5	16	10	11	181	0	0	3060	6	0	0
6	20	12	13	122	0	0	3570	7	0	0
7	21	14	15	33	0	0	816	4	0	0
8	25	16	17	55	0	0	3570	7	0	0
9	26	18	16	50	0	0	0	0	0	0
10	27	19	20	174	0	0	2550	5	0	0
11	28	21	19	99	0	0	2040	4	0	0
12	29	19	22	35	0	0	1020	2	0	0
13	30	23	24	119	0	0	2754	6	0	0
14	31	25	23	55	0	0	0	0	0	0
15	32	23	26	141	0	0	0	0	0	0
16	38	27	28	215	0	0	816	4	2244	11
17	39	28	29	484	0	0	816	4	4944	39
18	48	30	31	79	0	0	510	1	204	1
19	52	34	35	152	0	0	2550	5	0	0
20	53	36	37	98	0	0	1020	2	0	0
21	54	38	39	86	0	0	0	0	0	0
22	57	40	34	61	0	0	0	0	0	0
23	58	41	37	119	0	0	510	1	0	0
24	59	42	43	107	0	0	1020	2	0	0
25	60	39	44	63	0	0	0	0	0	0
26	61	45	40	166	0	0	2958	7	0	0
27	62	44	46	23	0	0	0	0	0	0
28	63	47	48	79	0	0	0	0	0	0
29	65	49	50	140	0	0	3616	13	0	0
30	66	51	41	90	0	0	1020	2	0	0
31	67	52	53	226	0	0	510	1	0	0
32	68	46	54	84	0	0	1122	4	0	0
33	69	50	45	153	0	0	3264	7	0	0
34	70	37	49	111	0	0	2040	4	0	0
35	71	55	56	69	0	0	0	0	0	0
36	72	56	47	6	0	0	0	0	0	0
37	73	54	55	22	0	0	1020	2	0	0
38	74	53	51	111	0	0	3468	8	0	0
39	75	48	52	213	0	0	2040	4	0	0
40	76	43	38	45	0	0	0	0	0	0
41	77	57	58	75	0	0	0	0	0	0
42	78	59	60	147	0	0	0	0	0	0
43	81	61	62	58	0	0	0	0	0	0
44	82	63	64	55	0	0	1020	2	0	0
45	83	65	64	62	0	0	1530	3	0	0
46	84	66	67	19	0	0	3733	12	0	0
47	85	64	66	57	0	0	0	0	0	0
48	86	68	62	56	0	0	0	0	0	0
49	87	67	68	9	0	0	0	0	0	0
50	89	69	61	194	0	0	204	1	0	0
51	90	70	71	84	0	0	1530	3	0	0
52	91	72	73	121	0	0	0	0	1224	6
53	92	74	75	47	0	0	1122	4	0	0
54	93	76	77	98	0	0	2040	4	0	0
55	94	78	79	105	0	0	0	0	0	0
56	95	80	81	6	0	0	0	0	0	0
57	100	82	83	244	0	0	3803	13	0	0
58	101	84	82	40	0	0	0	0	0	0
59	103	85	86	110	0	0	2448	6	0	0
60	105	76	87	24	0	0	0	0	0	0
61	106	88	89	104	0	0	1020	2	0	0
62	107	89	76	56	0	0	510	1	0	0
63	108	90	89	71	0	0	0	0	0	0
64	109	91	92	108	0	0	510	1	0	0
65	110	93	91	145	0	0	2754	6	0	0
66	111	94	95	71	0	0	1530	3	408	2
67	112	94	96	98	0	0	0	0	1224	6
68	113	96	97	88	0	0	612	3	1632	8
69	114	98	94	67	0	0	1530	3	0	0
70	115	99	97	257	0	0	0	0	4692	23
71	116	100	101	97	0	0	1020	2	0	0
72	117	102	100	96	0	0	2346	7	0	0
73	118	103	104	150	0	0	1428	4	0	0
74	119	104	105	85	0	0	1530	3	0	0
75	121	107	106	28	0	0	0	0	0	0
76	122	108	107	93	0	0	1530	3	0	0
77	123	109	110	122	0	0	0	0	0	0
78	124	111	110	107	0	0	816	4	0	0
79	125	112	113	111	0	0	0	0	612	3
80	126	113	114	91	0	0	510	1	204	1
81	127	115	113	128	0	0	0	0	204	1
82	128	113	116	74	0	0	0	0	816	4
83	129	116	117	85	0	0	0	0	408	2
84	130	118	119	115	0	0	0	0	0	0
85	131	120	118	72	0	0	4202	9	0	0
86	132	121	122	182	0	0	1530	3	2652	13
87	133	121	123	22	0	0	0	0	0	0
88	134	124	125	26	0	0	0	0	0	0
89	135	126	127	40	0	0	0	0	0	0
90	136	128	124	97	0	0	0	0	612	3
91	137	125	126	102	0	0	0	0	816	4
92	138	129	130	228	0	0	2040	4	3672	18
93	139	131	132	197	2040	4	0	0	0	0
94	140	133	134	56	0	0	1938	8	0	0
95	142	83	135	11	0	0	0	0	0	0
96	143	136	137	133	0	0	2244	5	0	0
97	144	59	58	63	0	0	0	0	0	0
98	145	58	138	43	0	0	1020	2	0	0
99	146	139	86	30	0	0	0	0	0	0
100	147	57	140	66	0	0	0	0	0	0
101	148	141	142	72	0	0	0	0	0	0
102	149	143	144	16	0	0	0	0	0	0
103	150	145	146	47	0	0	0	0	0	0
104	151	139	147	93	0	0	2346	7	0	0
105	152	148	133	20	0	0	0	0	0	0
106	153	135	149	92	0	0	1530	3	0	0
107	154	142	150	88	0	0	918	3	0	0
108	155	146	144	56	0	0	0	0	0	0
109	156	141	151	9	0	0	0	0	0	0
110	157	149	148	81	0	0	204	1	0	0
111	158	152	136	143	0	0	3468	8	0	0
112	159	152	134	34	0	0	0	0	0	0
113	160	145	147	16	0	0	0	0	0	0
114	161	143	151	53	0	0	0	0	0	0
115	162	150	83	65	0	0	0	0	0	0
116	163	86	140	15	0	0	0	0	0	0
117	164	153	154	91	0	0	510	1	0	0
118	165	155	156	121	0	0	510	1	0	0
119	166	156	153	94	0	0	510	1	0	0
120	167	157	155	104	0	0	714	2	0	0
121	170	154	158	101	0	0	1224	3	0	0
122	172	159	158	144	0	0	714	2	0	0
123	173	160	161	83	0	0	204	1	0	0
124	174	135	30	154	0	0	1530	3	816	4
125	175	31	162	118	0	0	0	0	204	1
126	176	162	72	71	0	0	0	0	204	1
127	177	161	159	57	0	0	408	2	0	0
128	178	163	160	204	0	0	1938	5	0	0
129	179	72	163	139	0	0	918	3	0	0
130	180	164	158	480	0	0	0	0	0	0
131	183	165	166	49	0	0	1020	2	0	0
132	188	169	170	17	0	0	0	0	0	0
133	189	171	167	77	0	0	2754	6	0	0
134	190	172	173	125	0	0	3573	10	0	0
135	191	172	169	21	0	0	0	0	0	0
136	192	167	169	60	0	0	2040	4	0	0
137	193	173	174	70	0	0	1020	2	0	0
138	194	175	176	175	1530	3	1020	2	3468	17
139	195	177	178	37	0	0	0	0	204	1
140	196	179	180	176	0	0	0	0	3060	15
141	197	180	130	157	0	0	1020	2	2448	12
142	198	181	182	69	0	0	0	0	1020	5
143	199	183	184	219	0	0	1020	2	0	0
144	200	185	186	10	0	0	0	0	0	0
145	201	186	184	170	0	0	3919	11	0	0
146	203	187	188	84	0	0	1530	3	0	0
147	204	189	190	96	0	0	0	0	1224	6
148	205	191	192	76	0	0	1020	2	0	0
149	206	190	191	26	0	0	0	0	0	0
150	207	152	193	60	0	0	2244	5	0	0
151	208	193	194	90	0	0	612	3	0	0
152	211	195	196	56	0	0	2040	4	0	0
153	212	197	195	56	0	0	0	0	0	0
154	213	196	198	48	0	0	2040	4	0	0
155	215	199	200	188	0	0	0	0	3468	17
156	216	201	200	13	0	0	0	0	0	0
157	217	202	203	112	0	0	0	0	1224	6
158	218	204	205	207	0	0	3060	6	0	0
159	219	205	206	98	0	0	1020	2	0	0
160	220	204	207	79	0	0	0	0	0	0
161	221	208	209	76	0	0	1020	2	0	0
162	222	210	211	238	0	0	1020	2	2244	11
163	223	212	213	112	0	0	0	0	0	0
164	224	214	215	133	0	0	3514	11	0	0
165	225	216	32	356	0	0	0	0	4600	42
166	226	217	218	22	0	0	0	0	0	0
167	227	218	219	162	2040	4	204	1	0	0
168	230	220	221	180	0	0	3774	8	0	0
169	231	222	223	23	0	0	0	0	204	1
170	232	224	222	105	0	0	0	0	1020	5
171	233	225	226	213	1020	2	0	0	4812	26
172	234	227	228	79	0	0	0	0	2156	11
173	235	229	230	46	0	0	0	0	1224	6
174	236	231	232	213	0	0	816	4	1836	9
175	237	233	234	273	0	0	3999	19	0	0
176	238	235	43	183	0	0	1836	6	0	0
177	239	236	237	86	0	0	1530	3	0	0
178	240	238	236	66	0	0	510	1	0	0
179	241	239	240	16	0	0	0	0	0	0
180	242	240	119	102	0	0	1020	2	0	0
181	244	241	242	142	3060	6	0	0	0	0
182	245	243	244	131	0	0	714	2	1428	7
183	246	245	246	129	0	0	1020	2	612	3
184	247	29	247	19	0	0	0	0	204	1
185	248	248	27	57	0	0	0	0	204	1
186	249	249	27	108	2040	4	0	0	0	0
187	250	250	251	120	0	0	510	1	1340	7
188	251	252	253	105	0	0	3060	6	0	0
189	252	38	254	27	0	0	0	0	0	0
190	253	174	254	129	0	0	2550	5	0	0
191	254	255	252	117	510	1	408	2	0	0
192	255	253	171	28	0	0	0	0	0	0
193	256	256	257	132	0	0	3060	6	204	1
194	257	258	259	32	0	0	0	0	0	0
195	258	260	261	51	0	0	0	0	0	0
196	259	260	257	24	0	0	0	0	0	0
197	260	262	263	112	0	0	2142	6	0	0
198	261	263	156	75	0	0	204	1	0	0
199	262	264	265	76	0	0	1020	2	0	0
200	263	266	256	46	0	0	0	0	0	0
201	264	261	258	60	0	0	204	1	0	0
202	265	259	264	70	0	0	0	0	0	0
203	266	265	262	95	0	0	714	2	0	0
204	267	151	267	228	0	0	4092	13	0	0
205	268	267	266	116	0	0	2448	6	0	0
206	269	268	269	36	0	0	0	0	0	0
207	270	270	271	35	0	0	0	0	0	0
208	271	272	273	35	0	0	1224	3	204	1
209	273	274	164	25	0	0	1020	2	0	0
210	274	63	93	21	0	0	0	0	0	0
211	275	275	276	57	0	0	0	0	0	0
212	276	277	278	67	0	0	0	0	0	0
213	277	98	271	44	0	0	204	1	0	0
214	278	137	255	92	0	0	0	0	0	0
215	279	279	268	39	0	0	0	0	0	0
216	280	280	278	7	0	0	0	0	0	0
217	281	269	272	29	0	0	204	1	0	0
218	282	281	279	113	0	0	1020	2	0	0
219	283	282	93	69	0	0	0	0	0	0
220	284	63	283	55	0	0	0	0	0	0
221	285	283	277	74	0	0	2244	5	0	0
222	286	255	108	112	0	0	1020	2	0	0
223	287	273	274	26	0	0	0	0	0	0
224	288	282	276	13	0	0	0	0	0	0
225	289	280	281	82	0	0	0	0	0	0
226	290	270	275	74	0	0	510	1	0	0
227	291	108	98	59	0	0	1020	2	0	0
228	294	265	285	81	0	0	1836	6	0	0
229	295	285	286	35	0	0	204	1	204	1
230	297	287	284	40	0	0	0	0	0	0
231	298	288	289	36	0	0	0	0	0	0
232	299	285	74	59	0	0	1224	3	204	1
233	300	289	265	101	0	0	1020	2	0	0
234	301	74	161	145	0	0	714	2	0	0
235	302	287	288	100	0	0	0	0	0	0
236	303	290	291	64	0	0	0	0	0	0
237	304	292	293	59	0	0	0	0	0	0
238	305	294	295	35	0	0	510	1	0	0
239	306	290	292	34	0	0	0	0	0	0
240	307	293	163	185	0	0	0	0	0	0
241	308	296	163	88	0	0	1938	5	0	0
242	309	260	295	101	0	0	2040	4	0	0
243	310	297	298	120	0	0	2040	4	1428	7
244	311	299	300	109	0	0	0	0	1020	5
245	312	301	302	122	0	0	204	1	612	3
246	313	303	304	120	0	0	3060	6	0	0
247	314	305	306	116	0	0	0	0	3264	16
248	315	307	308	118	0	0	1938	5	0	0
249	316	309	307	226	0	0	3543	9	3788	19
250	317	310	309	65	0	0	0	0	612	3
251	318	311	312	203	510	1	0	0	5132	38
252	319	312	310	252	0	0	0	0	4284	21
253	320	313	314	254	0	0	3556	18	0	0
254	322	315	316	105	0	0	2550	5	0	0
255	323	317	318	109	0	0	2040	4	0	0
256	324	319	320	109	0	0	3060	6	0	0
257	325	321	322	53	0	0	2244	5	0	0
258	326	323	324	76	0	0	1020	2	0	0
259	327	325	326	77	0	0	510	1	0	0
260	328	327	328	225	0	0	3816	18	0	0
261	329	282	329	242	2040	4	3505	12	0	0
262	330	44	330	86	0	0	510	1	0	0
263	331	47	331	208	0	0	3973	16	0	0
264	332	39	332	44	0	0	1530	3	0	0
265	333	333	334	85	0	0	2040	4	0	0
266	334	334	104	28	0	0	0	0	0	0
267	335	335	170	261	0	0	1734	4	0	0
268	336	336	335	90	0	0	0	0	0	0
269	337	170	172	16	0	0	0	0	0	0
270	338	271	336	110	0	0	510	1	0	0
271	340	106	252	96	0	0	1020	2	0	0
272	342	337	171	86	0	0	510	1	0	0
273	343	338	174	76	0	0	510	1	0	0
274	344	339	340	111	204	1	1020	2	0	0
275	345	341	340	144	1020	2	2040	4	0	0
276	346	342	341	43	0	0	0	0	0	0
277	347	343	344	96	0	0	0	0	1836	9
278	348	345	346	138	0	0	2448	6	612	3
279	349	347	348	151	0	0	1020	2	0	0
280	350	349	350	221	0	0	1020	2	2652	13
281	351	351	352	427	0	0	4337	20	1836	9
282	352	353	354	424	0	0	3678	25	0	0
283	353	355	356	134	0	0	2346	10	0	0
284	354	193	357	163	0	0	204	1	2752	12
285	355	358	144	221	1530	3	204	1	2244	11
286	356	359	141	238	0	0	3468	11	440	3
287	357	360	142	253	0	0	3060	9	612	3
288	358	361	150	271	0	0	3816	21	0	0
289	359	362	149	307	0	0	3528	16	1528	6
290	360	363	284	175	0	0	1020	2	0	0
291	361	287	364	172	0	0	0	0	0	0
292	362	365	100	205	1020	2	3709	14	0	0
293	363	134	366	148	0	0	1326	5	0	0
294	364	367	368	68	0	0	1632	5	0	0
295	365	149	369	152	0	0	3774	11	0	0
296	366	370	371	50	0	0	0	0	1020	5
297	367	294	296	81	0	0	1020	2	0	0
298	368	372	373	54	0	0	0	0	0	0
299	369	374	70	65	0	0	0	0	0	0
300	370	375	376	62	0	0	510	1	0	0
301	371	377	374	25	0	0	0	0	0	0
302	372	70	372	48	0	0	510	1	0	0
303	373	378	372	14	0	0	0	0	0	0
304	374	373	379	48	0	0	0	0	0	0
305	375	380	378	63	0	0	0	0	0	0
306	376	379	378	72	0	0	0	0	0	0
307	377	375	379	24	0	0	0	0	0	0
308	378	379	380	55	0	0	0	0	0	0
309	379	101	381	128	0	0	408	2	0	0
310	380	382	375	140	0	0	510	1	0	0
311	381	378	358	82	0	0	0	0	0	0
312	382	383	361	67	0	0	0	0	0	0
313	383	362	353	25	0	0	0	0	0	0
314	384	351	384	46	0	0	0	0	0	0
315	386	359	377	33	0	0	0	0	0	0
316	387	355	360	61	0	0	510	1	0	0
317	388	84	353	70	0	0	1020	2	0	0
318	389	355	359	13	0	0	0	0	0	0
319	390	383	360	17	0	0	0	0	0	0
320	391	349	385	51	0	0	0	0	0	0
321	392	349	384	14	0	0	0	0	0	0
322	393	362	351	42	0	0	0	0	0	0
323	394	374	358	18	0	0	0	0	0	0
324	395	361	84	70	0	0	0	0	0	0
325	396	385	101	136	0	0	0	0	0	0
326	398	386	387	30	0	0	1020	2	0	0
327	399	388	386	34	0	0	0	0	0	0
328	400	386	389	26	0	0	0	0	0	0
329	401	390	389	35	0	0	1020	2	0	0
330	402	391	225	46	0	0	0	0	204	1
331	403	392	390	85	0	0	3626	10	0	0
332	404	388	393	152	0	0	4176	9	0	0
333	405	225	238	83	0	0	0	0	0	0
334	406	390	207	23	0	0	0	0	0	0
335	407	207	388	11	0	0	0	0	0	0
336	408	394	395	23	0	0	0	0	0	0
337	409	235	396	202	0	0	204	1	0	0
338	410	42	235	58	0	0	0	0	0	0
339	411	397	398	66	0	0	0	0	0	0
340	412	397	238	29	0	0	0	0	0	0
341	413	396	391	120	0	0	3264	7	0	0
342	414	399	400	77	0	0	2040	4	0	0
343	415	399	394	22	0	0	0	0	0	0
344	416	214	395	33	0	0	0	0	0	0
345	417	398	401	73	0	0	0	0	0	0
346	418	402	403	81	0	0	3570	7	0	0
347	419	402	400	18	0	0	0	0	0	0
348	420	404	211	94	0	0	408	2	0	0
349	421	405	406	12	0	0	0	0	0	0
350	422	407	214	57	0	0	1020	2	0	0
351	423	403	406	89	0	0	0	0	0	0
352	424	405	404	94	0	0	0	0	0	0
353	425	408	392	141	0	0	3570	7	0	0
354	426	150	409	228	0	0	1224	6	2652	13
355	427	410	296	202	0	0	3570	7	0	0
356	428	143	411	106	510	1	1122	4	408	2
357	429	259	412	135	0	0	1836	6	0	0
358	430	157	413	220	0	0	3264	7	0	0
359	431	414	363	70	0	0	0	0	0	0
360	432	364	415	62	0	0	0	0	0	0
361	433	57	416	218	0	0	4199	11	0	0
362	434	59	417	213	1020	2	816	4	0	0
363	435	418	419	106	1224	3	510	1	408	2
364	436	420	421	89	510	1	2550	5	0	0
365	440	424	425	80	0	0	510	1	0	0
366	441	426	427	90	0	0	1122	4	508	1
367	442	10	428	74	0	0	204	1	408	2
368	443	263	429	110	0	0	1836	6	0	0
369	444	142	430	228	0	0	1326	5	3264	16
370	445	153	431	166	3978	9	0	0	612	3
371	446	432	264	132	0	0	1020	2	0	0
372	447	160	432	158	0	0	2040	4	0	0
373	448	258	433	132	0	0	3876	11	0	0
374	449	434	435	259	0	0	2550	8	2244	11
375	450	268	436	46	0	0	2244	5	0	0
376	451	437	438	259	4219	10	0	0	0	0
377	452	439	278	26	0	0	0	0	0	0
378	453	68	437	131	1530	3	0	0	0	0
379	454	440	438	99	2040	4	0	0	0	0
380	455	438	439	56	3570	7	0	0	0	0
381	456	67	440	131	0	0	1530	3	0	0
382	457	437	440	11	0	0	0	0	0	0
383	458	441	290	229	0	0	4182	10	0	0
384	459	442	441	56	0	0	510	1	0	0
385	460	441	443	59	0	0	0	0	0	0
386	461	444	292	296	0	0	3634	14	0	0
387	462	69	445	97	0	0	2040	4	0	0
388	463	276	69	32	0	0	0	0	0	0
389	464	446	197	142	0	0	0	0	1428	7
390	466	447	35	170	0	0	1020	2	0	0
391	468	448	116	119	0	0	0	0	1428	7
392	469	449	309	98	0	0	510	1	204	1
393	470	450	451	13	0	0	510	1	0	0
394	476	452	453	10	0	0	510	1	0	0
395	477	453	454	9	0	0	714	2	0	0
396	480	455	456	9	0	0	510	1	0	0
397	484	373	457	51	0	0	0	0	0	0
398	485	458	459	46	0	0	0	0	0	0
399	486	401	18	89	0	0	0	0	0	0
400	487	407	18	25	0	0	0	0	0	0
401	488	408	211	40	0	0	0	0	0	0
402	489	460	461	130	0	0	0	0	0	0
403	490	80	462	44	0	0	0	0	0	0
404	491	463	464	179	0	0	0	0	0	0
405	494	465	466	127	0	0	0	0	612	3
406	495	466	467	12	0	0	0	0	0	0
407	496	464	80	7	0	0	0	0	0	0
408	497	26	191	194	0	0	1530	3	0	0
409	498	125	468	103	0	0	0	0	612	3
410	500	469	470	84	0	0	0	0	0	0
411	501	470	471	39	0	0	0	0	0	0
412	502	468	407	89	0	0	0	0	0	0
413	503	124	472	112	0	0	0	0	408	2
414	504	473	124	146	0	0	0	0	612	3
415	505	191	469	85	0	0	0	0	0	0
416	506	17	460	116	0	0	0	0	0	0
417	507	461	463	115	0	0	0	0	0	0
418	508	471	125	153	0	0	0	0	1020	5
419	509	26	190	190	0	0	1020	2	408	2
420	510	190	474	95	0	0	0	0	408	2
421	511	472	18	88	0	0	0	0	0	0
422	512	474	473	120	0	0	0	0	612	3
423	513	32	475	67	0	0	510	1	0	0
424	514	475	476	25	0	0	0	0	0	0
425	515	122	477	8	0	0	0	0	0	0
426	516	476	478	37	0	0	0	0	204	1
427	517	479	78	57	0	0	1020	2	0	0
428	518	120	479	251	0	0	3060	6	0	0
429	519	239	120	59	0	0	0	0	0	0
430	520	38	480	230	0	0	3493	18	0	0
431	521	481	220	156	0	0	1020	2	0	0
432	522	480	239	18	0	0	0	0	0	0
433	523	78	461	87	0	0	0	0	0	0
434	525	217	122	87	0	0	204	1	0	0
435	526	482	483	44	0	0	0	0	0	0
436	527	483	217	28	0	0	0	0	0	0
437	528	220	482	35	0	0	2550	5	0	0
438	529	213	481	7	0	0	0	0	0	0
439	530	3	484	81	0	0	0	0	816	4
440	531	478	485	11	0	0	0	0	0	0
441	532	485	3	102	0	0	510	1	408	2
442	533	486	213	81	0	0	0	0	0	0
443	534	477	32	105	0	0	510	1	0	0
444	535	484	487	92	0	0	0	0	1428	7
445	536	488	489	56	0	0	0	0	0	0
446	537	488	490	64	0	0	918	3	0	0
447	539	491	492	79	0	0	3060	6	0	0
448	540	492	493	116	0	0	1530	3	0	0
449	541	311	494	23	0	0	0	0	0	0
450	542	457	458	53	0	0	510	1	0	0
451	543	335	495	235	0	0	0	0	0	0
452	546	84	496	401	0	0	3804	15	408	2
453	547	497	443	55	0	0	0	0	0	0
454	548	443	291	236	0	0	3627	15	0	0
455	551	31	498	158	0	0	1020	2	0	0
456	565	499	40	260	0	0	1632	5	0	0
457	566	500	499	232	0	0	0	0	0	0
458	567	107	336	77	0	0	0	0	0	0
459	568	236	501	76	0	0	3060	6	0	0
460	570	502	503	387	0	0	4196	12	0	0
461	573	504	5	60	0	0	510	1	0	0
462	580	505	407	231	0	0	0	0	0	0
463	581	486	505	128	0	0	1020	2	0	0
464	582	461	486	8	0	0	0	0	0	0
465	583	506	486	116	0	0	0	0	0	0
466	585	79	463	62	1020	2	1530	3	0	0
467	587	507	506	178	0	0	0	0	0	0
468	588	464	507	6	0	0	0	0	0	0
469	589	81	507	7	0	0	0	0	0	0
470	590	109	80	360	0	0	3685	17	0	0
471	591	297	81	44	0	0	0	0	0	0
472	592	462	297	6	0	0	0	0	0	0
473	593	462	465	82	0	0	0	0	0	0
474	594	508	297	82	0	0	0	0	612	3
475	595	244	465	103	0	0	204	1	204	1
476	596	509	508	130	0	0	0	0	612	3
477	597	510	511	6	0	0	0	0	0	0
478	598	460	505	8	0	0	0	0	0	0
479	599	512	513	206	0	0	0	0	0	0
480	600	514	515	135	0	0	3060	6	0	0
481	601	281	516	112	0	0	1734	4	0	0
482	602	517	518	73	0	0	1020	2	0	0
483	603	516	491	80	0	0	1734	4	0	0
484	604	519	114	94	408	2	2550	5	612	3
485	605	520	489	29	0	0	0	0	0	0
486	606	319	328	33	0	0	0	0	0	0
487	607	492	517	25	0	0	0	0	0	0
488	608	521	319	45	0	0	0	0	0	0
489	609	328	522	71	0	0	1224	3	0	0
490	610	521	317	32	0	0	0	0	0	0
491	611	514	523	79	0	0	0	0	0	0
492	612	518	488	14	0	0	0	0	0	0
493	613	520	317	47	0	0	0	0	0	0
494	614	524	519	88	0	0	2040	4	408	2
495	615	114	525	25	0	0	0	0	0	0
496	616	313	514	61	0	0	0	0	0	0
497	617	523	526	68	0	0	510	1	0	0
498	618	525	313	45	0	0	0	0	0	0
499	619	53	527	94	0	0	204	1	0	0
500	620	527	311	114	510	1	0	0	1836	9
501	621	522	53	54	0	0	0	0	0	0
502	622	494	524	68	0	0	0	0	0	0
503	623	48	528	201	0	0	2448	6	0	0
504	625	275	495	184	2040	4	816	4	0	0
505	628	530	529	73	510	1	0	0	0	0
506	629	467	510	4	0	0	0	0	0	0
507	631	321	532	68	0	0	1530	3	0	0
508	632	533	321	78	0	0	612	3	0	0
509	633	531	533	74	510	1	0	0	0	0
510	634	495	530	50	0	0	510	1	0	0
511	635	245	243	97	0	0	204	1	1632	8
512	636	534	245	135	0	0	0	0	1632	8
513	637	528	535	127	0	0	1224	3	0	0
514	638	243	467	85	0	0	0	0	816	4
515	639	532	48	63	0	0	0	0	0	0
516	640	111	535	21	0	0	0	0	0	0
517	641	536	534	14	0	0	0	0	0	0
518	642	534	111	25	0	0	0	0	0	0
519	643	535	536	29	0	0	0	0	0	0
520	644	537	538	52	0	0	0	0	816	4
521	645	509	466	10	0	0	0	0	0	0
522	646	511	539	3	0	0	0	0	0	0
523	647	509	301	81	0	0	0	0	612	3
524	648	494	448	307	0	0	0	0	408	2
525	649	537	511	73	0	0	0	0	612	3
526	650	448	540	82	0	0	0	0	204	1
527	651	539	541	12	0	0	0	0	0	0
528	652	540	305	71	0	0	0	0	204	1
529	653	299	251	101	0	0	0	0	2040	10
530	654	301	299	80	0	0	0	0	1020	5
531	655	305	537	112	0	0	0	0	816	4
532	656	542	510	256	510	1	0	0	2244	11
533	657	129	543	88	0	0	1530	3	204	1
534	658	544	25	183	0	0	0	0	0	0
535	659	545	543	138	0	0	1632	5	0	0
536	660	25	546	10	0	0	0	0	0	0
537	661	546	545	183	0	0	204	1	204	1
538	662	513	544	156	0	0	510	1	408	2
539	663	545	544	11	0	0	0	0	0	0
540	664	311	542	407	0	0	2550	5	0	0
541	665	251	547	174	0	0	0	0	2448	12
542	666	548	549	83	0	0	0	0	408	2
543	667	539	550	102	0	0	0	0	612	3
544	669	541	509	8	0	0	0	0	0	0
545	670	541	548	115	0	0	0	0	816	4
546	671	550	551	97	0	0	0	0	612	3
547	674	552	553	33	0	0	0	0	0	0
548	676	307	554	93	0	0	1224	3	0	0
549	677	555	307	98	0	0	0	0	0	0
550	678	315	553	12	0	0	0	0	0	0
551	679	499	552	63	0	0	3468	8	0	0
552	680	315	45	70	0	0	510	1	0	0
553	681	45	555	100	0	0	408	2	0	0
554	682	554	556	74	0	0	510	1	0	0
555	683	187	185	110	0	0	0	0	0	0
556	684	26	557	83	0	0	0	0	0	0
557	685	558	512	819	0	0	510	1	0	0
558	686	559	546	107	0	0	0	0	204	1
559	688	186	560	254	0	0	0	0	0	0
560	689	561	1	194	0	0	0	0	0	0
561	690	185	561	177	0	0	510	1	0	0
562	691	562	187	87	0	0	0	0	0	0
563	692	560	21	86	0	0	0	0	0	0
564	693	1	186	357	0	0	0	0	0	0
565	694	543	512	223	0	0	510	1	0	0
566	695	557	562	57	0	0	0	0	0	0
567	696	21	559	85	0	0	0	0	0	0
568	698	563	564	149	0	0	2040	4	0	0
569	700	563	566	48	0	0	510	1	0	0
570	701	567	233	76	0	0	0	0	0	0
571	702	512	568	363	0	0	0	0	0	0
572	703	233	568	68	0	0	0	0	0	0
573	704	42	567	338	0	0	3792	14	204	1
574	706	179	566	137	0	0	510	1	204	1
575	707	566	175	38	0	0	0	0	0	0
576	709	512	131	103	0	0	2040	4	0	0
577	711	131	179	93	0	0	1020	2	0	0
578	712	22	569	119	0	0	510	1	0	0
579	713	26	21	12	0	0	0	0	0	0
580	714	22	570	164	0	0	0	0	0	0
581	715	159	571	102	0	0	2754	9	408	2
582	716	572	571	19	0	0	0	0	0	0
583	717	572	154	165	0	0	3060	9	204	1
584	718	352	354	73	0	0	0	0	0	0
585	721	573	103	24	0	0	0	0	0	0
586	722	574	575	50	0	0	714	2	0	0
587	723	352	573	102	0	0	1020	2	0	0
588	724	103	333	75	0	0	510	1	0	0
589	725	575	558	77	0	0	1020	2	0	0
590	726	333	574	34	0	0	1020	2	0	0
591	727	570	576	103	0	0	0	0	612	3
592	728	577	578	150	0	0	1020	2	1952	10
593	729	569	576	121	0	0	1530	3	0	0
594	730	177	570	316	0	0	0	0	3060	15
595	731	181	177	84	0	0	0	0	1428	7
596	732	578	181	82	0	0	0	0	1632	8
597	733	381	579	266	0	0	4182	10	0	0
598	735	579	558	177	0	0	2550	5	0	0
599	736	558	580	271	0	0	4080	8	0	0
600	737	578	176	82	0	0	0	0	816	4
601	738	180	578	91	0	0	0	0	1020	5
602	739	132	129	3	0	0	0	0	0	0
603	740	132	180	87	0	0	0	0	1428	7
604	741	513	543	20	0	0	0	0	0	0
605	742	565	581	55	0	0	0	0	0	0
606	743	581	582	25	0	0	510	1	0	0
607	744	583	166	227	0	0	4080	8	0	0
608	745	565	166	48	0	0	510	1	0	0
609	746	581	584	78	0	0	2550	5	0	0
610	747	183	585	83	0	0	714	2	0	0
611	748	560	183	165	0	0	2040	4	0	0
612	749	557	560	10	0	0	0	0	0	0
613	762	0	586	77	0	0	0	0	0	0
614	763	456	453	19	0	0	0	0	0	0
615	764	586	451	22	0	0	0	0	0	0
616	766	587	588	139	0	0	1530	3	0	0
617	767	586	587	88	0	0	0	0	0	0
618	768	589	587	78	0	0	510	1	0	0
619	769	561	590	60	0	0	0	0	0	0
620	770	591	188	142	4080	8	0	0	0	0
621	771	188	592	147	2040	4	0	0	0	0
622	772	590	591	132	1530	3	0	0	0	0
623	773	593	188	103	0	0	0	0	0	0
624	774	590	594	286	4080	8	0	0	0	0
625	775	595	596	70	0	0	0	0	320	2
626	776	597	595	11	0	0	0	0	0	0
627	777	398	598	236	0	0	3978	12	1836	9
628	778	598	599	13	0	0	0	0	408	2
629	779	189	600	171	0	0	0	0	612	3
630	780	601	189	102	0	0	0	0	612	3
631	781	597	601	99	0	0	0	0	932	5
632	782	599	596	85	0	0	0	0	1836	9
633	783	602	580	53	0	0	0	0	0	0
634	784	15	602	33	0	0	0	0	0	0
635	785	603	602	94	0	0	204	1	0	0
636	786	13	603	128	0	0	1530	6	0	0
637	787	575	105	162	0	0	3783	10	0	0
638	788	105	603	64	0	0	204	1	0	0
639	789	604	201	140	0	0	0	0	0	0
640	790	605	200	141	0	0	0	0	728	4
641	791	201	606	103	0	0	0	0	0	0
642	792	607	608	90	0	0	0	0	408	2
643	793	200	609	99	0	0	0	0	816	4
644	794	606	610	110	0	0	0	0	0	0
645	795	609	610	101	0	0	0	0	408	2
646	796	604	608	7	0	0	0	0	0	0
647	797	406	446	86	0	0	2040	4	0	0
648	798	593	562	103	0	0	2040	4	0	0
649	799	604	593	226	0	0	510	1	2040	10
650	800	446	611	104	0	0	0	0	2040	10
651	801	611	605	180	0	0	0	0	3468	17
652	802	608	605	6	0	0	0	0	0	0
653	803	408	196	83	0	0	0	0	0	0
654	804	196	203	150	0	0	204	1	0	0
655	805	203	610	148	0	0	0	0	612	3
656	806	199	612	115	0	0	0	0	816	4
657	807	611	199	69	0	0	0	0	1836	9
658	808	613	614	73	0	0	0	0	1224	6
659	809	612	202	40	0	0	0	0	408	2
660	810	606	591	232	0	0	3366	15	0	0
661	811	197	612	109	0	0	0	0	1836	9
662	812	202	614	75	0	0	0	0	816	4
663	813	614	609	74	0	0	0	0	816	4
664	814	404	197	88	0	0	1122	4	0	0
665	815	615	209	100	0	0	0	0	0	0
666	816	209	205	104	0	0	510	1	0	0
667	817	392	615	81	0	0	0	0	0	0
668	818	615	204	109	0	0	1020	2	0	0
669	819	616	615	105	0	0	510	1	0	0
670	820	204	617	92	0	0	714	2	0	0
671	821	206	303	54	0	0	0	0	0	0
672	822	408	616	88	0	0	0	0	0	0
673	823	616	208	116	0	0	1224	3	0	0
674	824	208	206	135	0	0	0	0	0	0
675	825	303	487	115	0	0	1020	2	0	0
676	826	2	618	162	0	0	2040	4	0	0
677	827	2	206	100	0	0	4059	10	0	0
678	828	619	620	120	0	0	0	0	408	2
679	829	621	622	87	0	0	0	0	1836	9
680	830	619	621	10	0	0	0	0	0	0
681	831	3	619	91	0	0	0	0	2040	10
682	832	623	484	105	0	0	0	0	0	0
683	834	396	480	264	510	1	2754	6	0	0
684	835	485	624	235	0	0	0	0	3876	29
685	836	624	625	96	0	0	0	0	1224	6
686	837	622	623	181	0	0	0	0	4004	24
687	838	626	622	72	0	0	0	0	1428	7
688	839	624	626	18	0	0	0	0	0	0
689	840	618	478	123	0	0	2040	4	204	1
690	841	210	618	250	0	0	0	0	3860	25
691	842	405	210	79	0	0	1224	3	204	1
692	847	628	629	15	0	0	0	0	0	0
693	848	630	628	64	0	0	0	0	0	0
694	849	215	631	84	0	0	0	0	0	0
695	850	631	630	79	0	0	1020	2	0	0
696	851	402	630	197	0	0	1020	2	204	1
697	852	630	220	191	0	0	3060	6	0	0
698	853	632	633	49	0	0	4080	8	0	0
699	854	631	632	115	0	0	1020	2	0	0
700	855	394	631	160	0	0	2550	5	0	0
701	856	505	212	75	1020	2	1020	2	0	0
702	857	212	632	83	0	0	0	0	0	0
703	858	403	216	78	0	0	0	0	408	2
704	859	629	121	8	0	0	0	0	408	2
705	860	123	628	14	0	0	0	0	0	0
706	861	216	123	140	0	0	2040	4	612	3
707	862	629	483	165	2040	4	1020	2	0	0
708	863	33	4	131	0	0	3060	6	0	0
709	864	4	8	129	0	0	3060	6	0	0
710	865	634	635	192	0	0	3264	7	0	0
711	866	636	634	70	0	0	0	0	0	0
712	868	481	636	127	0	0	3938	9	0	0
713	869	637	128	142	0	0	0	0	2040	10
714	870	128	638	108	0	0	0	0	1136	6
715	871	401	637	85	0	0	2040	4	204	1
716	872	223	639	26	0	0	0	0	204	1
717	873	601	639	49	0	0	0	0	204	1
718	874	474	469	29	0	0	0	0	0	0
719	875	639	222	23	0	0	0	0	0	0
720	876	223	474	67	0	0	0	0	408	2
721	877	469	640	106	0	0	4151	10	0	0
722	878	403	641	85	0	0	0	0	0	0
723	879	642	607	39	0	0	0	0	0	0
724	880	641	642	247	0	0	0	0	2040	10
725	882	640	192	76	0	0	0	0	0	0
726	883	607	640	81	0	0	0	0	0	0
727	884	643	644	82	0	0	0	0	816	4
728	885	127	643	77	0	0	0	0	816	4
729	886	126	643	81	0	0	0	0	408	2
730	887	645	127	87	0	0	0	0	612	3
731	888	646	399	85	0	0	0	0	0	0
732	889	395	647	85	0	0	0	0	0	0
733	890	472	468	27	0	0	0	0	0	0
734	891	648	641	72	2040	4	0	0	408	2
735	892	648	402	85	0	0	0	0	0	0
736	893	400	649	85	0	0	0	0	0	0
737	894	647	646	44	0	0	0	0	408	2
738	895	468	647	62	0	0	0	0	204	1
739	896	637	472	93	0	0	0	0	612	3
740	897	646	645	74	0	0	0	0	612	3
741	898	648	649	18	0	0	0	0	0	0
742	899	649	645	3	0	0	0	0	0	0
743	900	473	471	27	0	0	0	0	0	0
744	901	644	642	63	0	0	0	0	204	1
745	902	471	644	93	0	0	0	0	204	1
746	903	470	607	140	0	0	0	0	0	0
747	904	224	638	29	0	0	0	0	204	1
748	905	650	596	70	0	0	0	0	1428	7
749	906	651	231	88	0	0	510	1	1428	7
750	907	652	653	129	0	0	918	3	1224	6
751	908	224	473	80	0	0	0	0	816	4
752	909	653	651	189	0	0	204	1	3568	16
753	910	596	638	73	0	0	0	0	612	3
754	911	231	650	102	0	0	0	0	2140	9
755	912	227	229	69	0	0	0	0	1632	8
756	913	654	599	75	0	0	0	0	1632	8
757	914	229	654	38	0	0	0	0	612	3
758	915	654	598	63	0	0	0	0	204	1
759	916	397	226	76	0	0	0	0	1428	7
760	917	226	227	71	0	0	0	0	1632	8
761	918	655	656	79	0	0	204	1	1020	5
762	919	656	651	82	0	0	0	0	1020	5
763	920	657	656	166	0	0	0	0	2856	14
764	921	658	657	155	0	0	204	1	2448	12
765	922	657	653	76	0	0	0	0	408	2
766	923	659	657	77	0	0	0	0	612	3
767	924	660	659	179	0	0	1428	4	1836	9
768	925	659	655	143	0	0	510	1	1632	8
769	926	234	661	258	0	0	4029	19	0	0
770	927	568	234	214	0	0	4080	14	0	0
771	928	661	595	110	0	0	510	1	0	0
772	929	661	662	34	0	0	1020	2	0	0
773	930	627	479	263	3060	6	0	0	0	0
774	931	241	79	35	0	0	0	0	0	0
775	932	118	241	279	408	2	3692	15	0	0
776	933	463	506	8	0	0	0	0	0	0
777	934	506	636	86	0	0	2040	4	0	0
778	935	465	508	6	0	0	0	0	0	0
779	936	110	246	153	0	0	1224	3	0	0
780	937	246	244	95	0	0	0	0	0	0
781	938	663	664	70	0	0	1530	3	0	0
782	939	56	663	144	0	0	4080	8	0	0
783	940	663	54	51	0	0	0	0	0	0
784	941	665	666	16	0	0	0	0	0	0
785	942	247	667	62	0	0	0	0	320	2
786	943	549	668	440	0	0	0	0	5580	41
787	944	247	665	8	0	0	0	0	0	0
788	945	669	670	164	0	0	3862	15	0	0
789	946	667	665	64	0	0	0	0	0	0
790	947	671	672	269	0	0	2550	5	0	0
791	948	671	673	61	0	0	0	0	0	0
792	949	668	29	10	0	0	0	0	0	0
793	951	674	671	13	0	0	0	0	0	0
794	952	673	675	64	0	0	2550	5	0	0
795	953	676	551	252	0	0	0	0	3876	19
796	954	549	551	21	0	0	0	0	0	0
797	955	667	674	53	0	0	0	0	0	0
798	957	674	669	13	0	0	0	0	0	0
799	958	525	676	181	1020	2	0	0	1544	8
800	959	117	676	82	0	0	204	1	816	4
801	960	540	117	118	0	0	0	0	1836	9
802	961	523	248	53	1020	2	0	0	204	1
803	962	536	542	192	0	0	1122	4	816	4
804	963	540	542	15	0	0	0	0	0	0
805	964	676	248	91	0	0	0	0	612	3
806	965	677	678	38	0	0	0	0	0	0
807	966	666	677	37	0	0	1020	2	0	0
808	967	507	250	144	0	0	2244	5	0	0
809	968	679	677	39	0	0	510	1	0	0
810	969	678	668	16	0	0	0	0	0	0
811	970	666	678	8	0	0	0	0	0	0
812	971	547	679	117	0	0	510	1	204	1
813	972	250	547	180	0	0	510	1	204	1
814	973	302	300	81	0	0	0	0	1136	6
815	974	548	302	80	0	0	0	0	816	4
816	975	300	679	288	0	0	3808	26	1544	8
817	976	306	117	70	0	0	0	0	204	1
818	977	306	550	184	0	0	0	0	2652	13
819	978	680	109	250	0	0	0	0	0	0
820	980	46	680	70	0	0	510	1	0	0
821	982	681	682	79	0	0	0	0	204	1
822	983	683	684	68	0	0	0	0	1632	8
823	984	685	686	68	0	0	0	0	1224	6
824	985	682	687	45	0	0	510	1	612	3
825	986	519	681	220	0	0	0	0	5036	45
826	987	685	683	82	0	0	204	1	408	2
827	988	687	685	20	0	0	0	0	0	0
828	989	688	689	190	0	0	0	0	3468	17
829	990	683	688	65	0	0	0	0	320	2
830	991	689	556	94	0	0	0	0	204	1
831	992	690	691	122	0	0	4080	8	0	0
832	993	688	692	77	0	0	0	0	1020	5
833	994	692	693	55	0	0	0	0	612	3
834	995	694	688	74	0	0	510	1	408	2
835	996	691	49	151	0	0	3502	12	0	0
836	997	49	695	99	0	0	1020	2	0	0
837	998	696	690	360	0	0	3743	23	816	4
838	999	695	310	113	0	0	0	0	0	0
839	1000	274	696	144	0	0	2346	7	612	3
840	1001	692	697	16	0	0	0	0	0	0
841	1002	697	698	40	0	0	0	0	204	1
842	1004	310	699	91	0	0	0	0	408	2
843	1005	699	694	47	0	0	0	0	0	0
844	1006	700	694	25	0	0	0	0	0	0
845	1007	310	700	91	0	0	0	0	0	0
846	1008	701	695	255	2550	5	2040	4	204	1
847	1009	695	555	291	2550	5	3060	6	2564	13
848	1010	527	701	187	0	0	3494	10	3876	19
849	1011	702	703	79	0	0	0	0	612	3
850	1012	704	687	92	0	0	510	1	0	0
851	1013	703	682	92	0	0	0	0	0	0
852	1014	703	704	45	0	0	0	0	408	2
853	1015	705	554	74	0	0	0	0	204	1
854	1016	699	700	38	0	0	0	0	0	0
855	1017	524	702	210	0	0	0	0	4580	38
856	1018	700	705	205	0	0	714	2	4080	20
857	1019	704	699	111	0	0	0	0	1224	6
858	1020	681	706	111	0	0	0	0	1664	9
859	1021	312	702	88	0	0	0	0	1632	8
860	1022	702	681	90	0	0	0	0	1544	8
861	1023	701	312	114	0	0	0	0	3584	18
862	1024	114	707	41	0	0	0	0	204	1
863	1025	708	697	255	3669	9	3060	6	1868	10
864	1026	708	709	84	0	0	0	0	1340	7
865	1027	707	710	107	0	0	0	0	3264	16
866	1028	314	706	47	0	0	0	0	320	2
867	1029	710	314	36	0	0	0	0	1020	5
868	1030	706	708	75	0	0	0	0	0	0
869	1031	689	698	206	0	0	0	0	4080	20
870	1032	705	689	94	1020	2	1020	2	204	1
871	1034	711	500	70	0	0	4080	8	0	0
872	1035	489	712	109	0	0	2550	5	0	0
873	1036	713	714	95	0	0	2550	5	0	0
874	1037	715	712	4	0	0	0	0	0	0
875	1038	690	711	89	0	0	0	0	0	0
876	1039	714	690	107	0	0	1020	2	0	0
877	1040	715	713	85	0	0	0	0	0	0
878	1041	716	717	35	0	0	0	0	0	0
879	1042	711	718	97	0	0	0	0	0	0
880	1043	718	717	145	0	0	1020	2	0	0
881	1044	552	717	34	0	0	0	0	0	0
882	1046	719	720	86	0	0	1020	2	0	0
883	1047	50	719	84	0	0	1224	3	0	0
884	1048	720	721	25	0	0	2550	5	0	0
885	1049	721	718	25	0	0	0	0	0	0
886	1050	716	553	35	0	0	0	0	0	0
887	1051	719	716	118	0	0	1020	2	0	0
888	1052	273	722	151	0	0	1734	4	612	3
889	1053	722	714	338	0	0	1938	5	4284	21
890	1055	723	724	47	0	0	3060	6	0	0
891	1057	714	723	57	0	0	0	0	0	0
892	1058	725	41	229	3876	19	4182	9	408	2
893	1060	726	713	336	0	0	1224	3	7256	36
894	1061	713	725	56	0	0	1020	2	0	0
895	1062	269	726	140	0	0	2550	5	816	4
896	1063	493	715	177	0	0	4020	12	0	0
897	1064	279	493	285	0	0	3401	21	0	0
898	1065	712	318	75	0	0	1020	2	0	0
899	1066	318	320	77	0	0	2550	5	0	0
900	1067	320	51	142	0	0	2244	5	0	0
901	1068	533	324	181	0	0	4182	10	0	0
902	1069	727	326	25	0	0	0	0	0	0
903	1070	324	727	26	0	0	0	0	0	0
904	1071	326	521	202	0	0	3700	10	0	0
905	1072	532	728	211	0	0	3575	9	0	0
906	1073	728	522	225	0	0	3651	15	204	1
907	1074	728	52	60	0	0	510	1	0	0
908	1075	727	327	79	0	0	510	1	0	0
909	1076	327	728	68	0	0	0	0	0	0
910	1077	323	77	11	0	0	0	0	0	0
911	1078	531	323	179	0	0	4182	10	0	0
912	1079	77	325	40	0	0	0	0	0	0
913	1080	325	520	201	0	0	4080	8	0	0
914	1081	92	729	74	0	0	1020	2	0	0
915	1082	92	90	6	0	0	0	0	0	0
916	1083	530	329	60	0	0	0	0	0	0
917	1084	329	90	70	0	0	2550	5	0	0
918	1085	518	87	219	3605	15	0	0	0	0
919	1086	730	731	72	0	0	0	0	0	0
920	1087	517	730	74	0	0	510	1	0	0
921	1088	731	729	74	0	0	2040	4	0	0
922	1089	722	696	65	0	0	510	1	204	1
923	1090	726	722	65	0	0	0	0	204	1
924	1091	732	733	195	1632	5	1428	4	0	0
925	1092	55	732	13	0	0	0	0	0	0
926	1093	533	331	82	510	1	3552	11	0	0
927	1094	331	733	75	816	4	4020	18	0	0
928	1095	734	735	60	0	0	1224	3	0	0
929	1096	735	173	93	0	0	2040	4	0	0
930	1097	345	503	72	0	0	204	1	0	0
931	1098	503	42	156	0	0	3596	11	0	0
932	1099	736	734	96	0	0	2754	6	204	1
933	1100	736	168	25	0	0	0	0	0	0
934	1101	137	337	258	0	0	2040	4	0	0
935	1102	337	168	77	0	0	0	0	0	0
936	1103	735	345	23	0	0	0	0	0	0
937	1104	341	737	112	0	0	2040	4	0	0
938	1105	738	739	44	0	0	510	1	0	0
939	1106	381	738	151	0	0	1530	3	0	0
940	1107	738	341	111	0	0	1020	2	0	0
941	1108	342	740	112	0	0	918	3	0	0
942	1109	739	342	19	0	0	0	0	0	0
943	1110	740	137	77	0	0	510	1	0	0
944	1111	741	339	99	0	0	3909	14	0	0
945	1112	741	742	67	0	0	510	1	0	0
946	1113	740	737	39	0	0	0	0	0	0
947	1114	737	741	40	0	0	1020	2	0	0
948	1115	743	168	149	0	0	510	1	0	0
949	1116	339	743	44	0	0	0	0	0	0
950	1117	736	344	76	0	0	0	0	0	0
951	1118	343	744	152	0	0	0	0	2244	11
952	1119	734	343	98	0	0	714	2	1020	5
953	1120	745	573	166	0	0	1224	3	1020	5
954	1121	385	745	265	0	0	612	3	3468	17
955	1122	746	348	82	0	0	2040	4	612	3
956	1123	348	745	53	0	0	0	0	204	1
957	1124	579	746	126	0	0	1224	6	204	1
958	1125	347	746	77	0	0	204	1	0	0
959	1126	747	347	74	0	0	714	2	0	0
960	1127	748	71	26	0	0	204	1	0	0
961	1128	71	377	62	0	0	510	1	0	0
962	1129	459	749	23	0	0	1530	3	0	0
963	1130	749	748	35	0	0	1020	2	0	0
964	1131	750	751	52	510	1	0	0	0	0
965	1132	361	750	188	0	0	3666	9	0	0
966	1133	751	752	27	1530	3	0	0	0	0
967	1134	748	356	75	0	0	408	2	0	0
968	1135	356	753	92	0	0	4182	10	0	0
969	1136	753	750	69	0	0	918	3	0	0
970	1138	383	753	178	0	0	2244	5	0	0
971	1139	754	145	94	0	0	1530	3	0	0
972	1140	380	754	67	0	0	1224	3	0	0
973	1141	754	755	112	0	0	2040	4	0	0
974	1142	365	756	101	0	0	1224	3	612	3
975	1143	384	365	97	0	0	1020	2	408	2
976	1144	756	148	127	0	0	918	3	612	3
977	1145	756	194	97	0	0	510	1	0	0
978	1146	194	102	111	0	0	2244	5	0	0
979	1147	102	739	139	0	0	2040	7	0	0
980	1148	369	370	56	0	0	1734	4	0	0
981	1149	757	255	101	0	0	1428	4	0	0
982	1150	370	366	83	0	0	0	0	0	0
983	1151	367	366	3	0	0	0	0	0	0
984	1152	30	369	96	0	0	3060	6	0	0
985	1153	367	99	101	0	0	612	3	408	2
986	1154	99	758	82	0	0	2040	4	204	1
987	1155	757	758	38	0	0	0	0	0	0
988	1156	136	758	118	0	0	510	1	524	3
989	1157	758	759	98	0	0	0	0	1224	6
990	1158	759	96	128	0	0	0	0	2652	13
991	1159	283	760	156	0	0	1530	3	0	0
992	1160	87	729	73	0	0	0	0	0	0
993	1161	760	729	107	0	0	0	0	0	0
994	1162	491	761	78	0	0	1020	2	0	0
995	1163	760	91	73	0	0	3060	6	0	0
996	1164	762	760	74	0	0	3570	7	0	0
997	1165	761	762	73	0	0	510	1	0	0
998	1166	277	762	165	0	0	3862	18	0	0
999	1167	762	731	108	0	0	0	0	0	0
1000	1168	280	761	176	0	0	2040	4	0	0
1001	1169	761	730	109	0	0	3060	6	0	0
1002	1170	759	757	141	0	0	2448	6	204	1
1003	1171	757	763	63	0	0	1224	3	0	0
1004	1172	409	764	66	0	0	0	0	408	2
1005	1173	764	765	51	0	0	0	0	848	5
1006	1174	31	409	111	0	0	510	1	612	3
1007	1175	764	430	21	0	0	0	0	408	2
1008	1176	430	267	88	0	0	1020	2	816	4
1009	1177	766	266	99	0	0	1020	2	204	1
1010	1178	162	766	201	0	0	1224	6	1836	9
1011	1179	410	295	83	0	0	2040	4	0	0
1012	1180	766	410	125	0	0	3495	13	0	0
1013	1181	767	768	106	0	0	1020	2	204	1
1014	1182	769	770	76	0	0	0	0	204	1
1015	1183	771	769	61	0	0	510	1	0	0
1016	1184	770	260	95	0	0	3570	7	0	0
1017	1185	772	771	32	0	0	0	0	0	0
1018	1186	773	772	69	0	0	0	0	0	0
1019	1187	423	774	65	0	0	0	0	0	0
1020	1188	768	775	62	0	0	0	0	0	0
1021	1189	775	774	108	0	0	0	0	0	0
1022	1190	774	776	18	0	0	0	0	0	0
1023	1191	776	772	39	0	0	0	0	0	0
1024	1192	775	423	12	0	0	0	0	0	0
1025	1193	776	777	81	0	0	3060	6	0	0
1026	1194	773	776	32	0	0	0	0	0	0
1027	1195	778	773	92	510	1	1020	2	0	0
1028	1196	426	779	35	0	0	0	0	0	0
1029	1197	780	10	40	0	0	612	3	0	0
1030	1198	420	781	21	0	0	0	0	0	0
1031	1199	420	768	73	0	0	1020	2	0	0
1032	1200	768	424	66	0	0	0	0	0	0
1033	1201	417	782	71	0	0	408	2	0	0
1034	1202	60	417	196	0	0	3264	7	0	0
1035	1203	782	418	118	0	0	3610	12	204	1
1036	1204	418	781	53	0	0	1020	2	0	0
1037	1205	779	424	35	0	0	0	0	0	0
1038	1206	780	426	30	0	0	0	0	0	0
1039	1207	422	778	106	0	0	510	1	0	0
1040	1208	783	784	77	0	0	510	1	0	0
1041	1209	785	786	58	0	0	408	2	204	1
1042	1210	784	256	90	0	0	1224	3	204	1
1043	1211	781	422	60	0	0	1530	3	0	0
1044	1212	785	778	7	0	0	0	0	0	0
1045	1213	786	783	54	0	0	714	2	204	1
1046	1214	783	769	129	0	0	1428	4	612	3
1047	1215	147	783	391	0	0	3468	14	4284	21
1048	1216	784	770	130	0	0	3060	9	204	1
1049	1217	146	784	391	0	0	3454	23	1836	9
1050	1218	771	787	81	0	0	0	0	0	0
1051	1219	786	771	127	0	0	408	2	1020	5
1052	1220	779	414	114	0	0	3264	7	0	0
1053	1221	415	777	59	0	0	0	0	0	0
1054	1222	415	787	13	0	0	0	0	0	0
1055	1223	414	777	6	0	0	0	0	0	0
1056	1224	787	788	83	0	0	1020	2	0	0
1057	1226	788	261	136	0	0	4080	8	0	0
1058	1227	412	789	32	0	0	0	0	0	0
1059	1228	789	788	63	0	0	2040	4	0	0
1060	1229	412	288	139	0	0	510	1	0	0
1061	1230	780	363	115	0	0	1326	5	0	0
1062	1231	364	363	44	0	0	0	0	0	0
1063	1232	364	789	99	0	0	0	0	0	0
1064	1233	790	785	122	0	0	3774	8	612	3
1065	1234	139	790	269	0	0	4315	19	204	1
1066	1235	140	791	219	0	0	3060	6	816	4
1067	1236	791	790	98	0	0	0	0	0	0
1068	1237	782	416	131	0	0	2550	5	0	0
1069	1238	416	791	56	0	0	2550	5	0	0
1070	1239	413	792	34	0	0	510	1	0	0
1071	1240	792	289	99	0	0	1224	3	0	0
1072	1241	155	429	102	0	0	2550	5	0	0
1073	1242	429	413	80	0	0	1938	8	0	0
1074	1243	431	572	90	0	0	0	0	0	0
1075	1244	262	431	78	0	0	2856	8	0	0
1076	1245	792	262	97	0	0	2958	7	0	0
1077	1246	433	432	106	0	0	3570	10	0	0
1078	1247	294	433	97	0	0	4080	8	0	0
1079	1248	444	161	177	0	0	0	0	0	0
1080	1249	281	434	133	0	0	1326	5	0	0
1081	1250	434	497	68	0	0	1020	2	0	0
1082	1251	497	442	59	0	0	0	0	0	0
1083	1252	442	444	62	0	0	0	0	0	0
1084	1253	793	794	163	0	0	510	1	0	0
1085	1254	275	445	124	0	0	3060	6	0	0
1086	1255	794	61	39	0	0	2040	4	0	0
1087	1256	62	291	14	0	0	0	0	0	0
1088	1257	445	61	112	0	0	1632	5	0	0
1089	-1	620	621	1	0	0	0	0	0	0
1090	-2	625	626	1	0	0	0	0	0	0
1091	-3	672	673	1	0	0	0	0	0	0
1092	-4	2	3	112	0	0	0	0	0	0
1093	-6	11	284	211	0	0	0	0	0	0
1094	-7	6	7	18	0	0	0	0	0	0
1095	-8	9	4	145	0	0	0	0	0	0
1096	-9	32	33	71	0	0	0	0	0	0
1097	-10	106	253	163	0	0	0	0	0	0
1098	-12	168	167	93	0	0	0	0	0	0
1099	-13	219	5	69	0	0	0	0	0	0
1100	-14	422	423	107	0	0	0	0	0	0
1101	-18	293	498	336	0	0	0	0	0	0
1102	-19	529	531	97	0	0	0	0	0	0
1103	-20	563	565	182	0	0	0	0	0	0
1104	-21	456	451	38	0	0	0	0	0	0
1105	-22	627	398	72	0	0	0	0	0	0
END
