ProblemType:	SP-CARP
NumberNodes:	415
NumberEdges:	565
DepotNodeNumber:	206
NumberOfFractions:	1
NumberOfIntervalsForFraction	General_Glass_Metal_Plastic_Organic	7	2.3	3.5	7	14	21	28	56
GRAPH
EdgeNumber	EdgeId	StartNodeNumber	EndNodeNumber	Cost	Demand_0	Bins_0	Demand_1	Bins_1	Demand_2	Bins_2	Demand_3	Bins_3	Demand_4	Bins_4	Demand_5	Bins_5	Demand_6	Bins_6
START
0	0	0	1	118	0	0	0	0	0	0	0	0	0	0	0	0	0	0
1	5	2	3	15	0	0	0	0	0	0	0	0	0	0	0	0	0	0
2	6	3	4	97	0	0	3869	28	0	0	0	0	0	0	0	0	0	0
3	7	5	6	89	0	0	0	0	0	0	0	0	0	0	0	0	0	0
4	11	7	8	54	0	0	0	0	0	0	0	0	0	0	0	0	0	0
5	12	9	10	204	0	0	0	0	1020	2	0	0	0	0	2040	5	0	0
6	13	9	11	10	0	0	0	0	0	0	0	0	0	0	0	0	0	0
7	14	11	8	10	0	0	0	0	0	0	0	0	0	0	0	0	0	0
8	25	12	13	55	0	0	4235	20	0	0	0	0	0	0	4590	10	0	0
9	26	14	12	50	0	0	0	0	0	0	0	0	0	0	0	0	0	0
10	27	15	16	174	0	0	2040	4	0	0	0	0	1870	1	1870	4	0	0
11	28	17	15	99	4148	15	3693	9	0	0	680	2	0	0	0	0	0	0
12	29	15	18	35	510	1	0	0	0	0	0	0	1870	1	0	0	0	0
13	30	19	20	119	0	0	0	0	2210	5	0	0	0	0	3672	10	0	0
14	31	21	19	55	0	0	0	0	0	0	0	0	0	0	0	0	0	0
15	32	19	22	141	0	0	0	0	0	0	0	0	0	0	0	0	0	0
16	33	6	23	39	0	0	1020	2	3822	27	0	0	0	0	0	0	0	0
17	36	23	11	17	0	0	0	0	0	0	0	0	0	0	0	0	0	0
18	38	24	25	215	0	0	0	0	4675	16	0	0	0	0	4488	22	712	6
19	39	25	26	484	0	0	0	0	6639	47	0	0	0	0	7304	50	3660	28
20	41	27	28	3	0	0	0	0	0	0	1700	1	0	0	0	0	0	0
21	42	28	29	162	0	0	0	0	0	0	0	0	0	0	0	0	0	0
22	49	30	31	54	0	0	0	0	0	0	0	0	0	0	0	0	0	0
23	50	31	32	17	0	0	2550	5	0	0	0	0	0	0	0	0	0	0
24	54	33	34	86	0	0	0	0	0	0	0	0	0	0	0	0	0	0
25	59	35	36	107	0	0	0	0	3654	9	0	0	0	0	1224	4	0	0
26	60	34	37	63	0	0	0	0	0	0	0	0	0	0	0	0	0	0
27	62	37	38	23	0	0	0	0	0	0	0	0	0	0	0	0	0	0
28	63	39	40	79	0	0	0	0	0	0	0	0	0	0	0	0	0	0
29	68	38	41	84	0	0	4046	16	0	0	0	0	0	0	1258	4	0	0
30	71	42	43	69	0	0	0	0	0	0	0	0	0	0	0	0	0	0
31	72	43	39	6	0	0	0	0	0	0	0	0	0	0	0	0	0	0
32	73	41	42	22	0	0	2125	5	0	0	0	0	0	0	1190	3	0	0
33	75	40	44	213	0	0	0	0	4151	12	0	0	0	0	2312	8	0	0
34	76	36	33	45	0	0	0	0	0	0	0	0	0	0	0	0	0	0
35	94	45	46	105	0	0	0	0	0	0	0	0	0	0	0	0	0	0
36	95	47	48	6	0	0	0	0	0	0	0	0	0	0	0	0	0	0
37	121	49	50	105	0	0	0	0	0	0	0	0	0	0	0	0	0	0
38	123	51	52	122	0	0	0	0	0	0	0	0	0	0	0	0	0	0
39	124	53	52	107	4006	10	0	0	0	0	0	0	0	0	3468	11	0	0
40	125	54	55	111	0	0	0	0	714	4	0	0	0	0	612	3	472	4
41	126	55	56	91	0	0	1020	2	153	1	0	0	0	0	748	3	232	2
42	127	57	55	128	0	0	0	0	1768	12	0	0	0	0	204	1	0	0
43	128	55	58	74	0	0	0	0	918	5	0	0	0	0	816	4	116	1
44	129	58	59	85	0	0	0	0	357	2	0	0	0	0	408	2	472	4
45	130	60	61	115	0	0	0	0	0	0	0	0	0	0	0	0	0	0
46	131	62	60	72	0	0	0	0	0	0	0	0	0	0	3570	7	0	0
47	132	63	64	182	0	0	0	0	1955	13	0	0	0	0	3910	17	832	7
48	133	63	65	22	0	0	0	0	0	0	0	0	0	0	0	0	0	0
49	134	66	67	26	0	0	0	0	0	0	0	0	0	0	0	0	0	0
50	135	68	69	40	0	0	0	0	0	0	0	0	0	0	0	0	0	0
51	136	70	66	97	0	0	0	0	816	4	0	0	0	0	612	3	760	5
52	137	67	68	102	0	0	0	0	663	4	0	0	0	0	816	4	556	4
53	138	71	72	228	0	0	0	0	3995	18	0	0	0	0	5508	21	3340	26
54	139	73	74	197	0	0	0	0	4179	20	0	0	0	0	1700	4	0	0
55	188	77	78	17	0	0	0	0	0	0	0	0	0	0	0	0	0	0
56	189	79	75	77	0	0	0	0	4065	24	0	0	0	0	2210	8	0	0
57	190	80	81	125	0	0	0	0	3755	12	0	0	0	0	1870	4	0	0
58	191	80	77	21	0	0	0	0	0	0	0	0	0	0	0	0	0	0
59	192	75	77	60	0	0	0	0	3418	22	0	0	0	0	1020	2	0	0
60	193	81	82	70	1020	2	2040	4	1020	2	0	0	0	0	1020	2	0	0
61	194	83	84	175	0	0	3753	15	3162	17	0	0	0	0	4692	14	1608	7
62	195	85	86	37	0	0	0	0	153	1	0	0	0	0	204	1	116	1
63	196	87	88	176	0	0	0	0	2822	15	0	0	0	0	3264	16	1504	12
64	197	88	72	157	0	0	1275	3	2346	12	0	0	0	0	3298	14	1712	13
65	198	89	90	69	0	0	0	0	765	5	0	0	0	0	1020	5	0	0
66	199	91	92	219	3672	24	0	0	0	0	0	0	1700	1	1020	2	0	0
67	200	93	94	10	0	0	0	0	0	0	0	0	0	0	0	0	0	0
68	201	94	92	170	0	0	0	0	3779	3	0	0	0	0	4080	8	0	0
69	203	95	96	84	0	0	3470	18	0	0	0	0	0	0	2550	5	0	0
70	204	97	98	96	0	0	0	0	1020	6	0	0	0	0	1224	6	1596	12
71	205	99	100	76	0	0	4095	10	0	0	0	0	0	0	1360	3	0	0
72	206	98	99	26	0	0	0	0	0	0	0	0	0	0	0	0	0	0
73	209	101	102	31	0	0	0	0	0	0	0	0	0	0	0	0	0	0
74	211	103	104	56	0	0	3895	16	0	0	0	0	0	0	2040	4	0	0
75	212	105	103	56	0	0	0	0	0	0	0	0	0	0	0	0	0	0
76	213	104	106	48	0	0	0	0	0	0	0	0	0	0	1530	3	0	0
77	215	107	108	188	0	0	0	0	2686	17	0	0	0	0	3468	17	1184	10
78	216	109	108	13	0	0	0	0	0	0	0	0	0	0	0	0	0	0
79	217	110	111	112	0	0	0	0	1020	6	0	0	0	0	1836	9	1068	9
80	218	112	113	207	0	0	3882	24	0	0	1870	1	1700	1	2550	5	0	0
81	219	113	114	98	0	0	3060	6	0	0	0	0	0	0	1700	4	0	0
82	220	112	115	79	0	0	0	0	0	0	0	0	0	0	0	0	0	0
83	221	116	117	76	0	0	3060	6	0	0	0	0	0	0	2040	5	0	0
84	222	118	119	238	0	0	4080	8	3978	15	1870	1	0	0	4148	16	1388	11
85	223	120	121	112	0	0	0	0	0	0	0	0	0	0	0	0	0	0
86	224	122	123	133	4247	21	0	0	510	1	680	2	0	0	4760	11	0	0
87	225	124	30	356	0	0	3060	6	4751	44	0	0	0	0	5398	45	4008	33
88	226	125	126	22	0	0	0	0	510	1	0	0	0	0	0	0	0	0
89	227	126	127	162	1530	3	0	0	680	2	0	0	2805	1	1936	6	0	0
90	230	128	129	180	0	0	0	0	0	0	2040	4	0	0	4420	6	0	0
91	231	130	131	23	0	0	0	0	153	1	0	0	0	0	204	1	232	2
92	232	132	130	105	0	0	0	0	867	5	0	0	0	0	1020	5	1120	8
93	233	133	134	213	0	0	1734	14	4828	26	510	1	0	0	5540	28	3292	27
94	234	135	136	79	0	0	0	0	1734	11	0	0	0	0	2244	11	1272	10
95	235	137	138	46	0	0	0	0	969	6	0	0	0	0	1224	6	472	4
96	236	139	140	213	0	0	0	0	4896	17	0	0	0	0	3060	15	844	5
97	237	141	142	273	0	0	3492	18	3785	34	0	0	0	0	8428	35	0	0
98	238	143	36	183	0	0	3922	13	1190	3	0	0	0	0	4250	15	0	0
99	239	144	145	86	0	0	2040	4	0	0	510	1	0	0	1360	3	0	0
100	240	146	144	66	0	0	4022	10	0	0	0	0	0	0	850	2	0	0
101	241	147	148	16	0	0	0	0	0	0	0	0	0	0	0	0	0	0
102	242	148	61	102	0	0	0	0	0	0	0	0	0	0	1530	3	0	0
103	244	149	150	142	2040	4	4208	10	0	0	0	0	0	0	3060	7	0	0
104	245	151	152	131	0	0	1275	3	3264	10	0	0	0	0	1836	9	204	1
105	246	153	154	129	0	0	0	0	3729	13	0	0	0	0	2244	9	0	0
106	247	26	155	19	0	0	0	0	153	1	0	0	0	0	204	1	232	2
107	248	156	24	57	0	0	0	0	204	1	0	0	0	0	204	1	0	0
108	249	157	24	108	0	0	0	0	0	0	0	0	0	0	2040	4	0	0
109	250	158	159	120	0	0	0	0	2448	11	0	0	0	0	1972	9	436	3
110	251	160	161	105	2550	5	3366	12	510	1	0	0	0	0	5270	9	0	0
111	252	33	162	27	0	0	0	0	0	0	0	0	0	0	0	0	0	0
112	253	82	162	129	0	0	2040	4	3571	13	0	0	1870	1	1938	6	0	0
113	254	163	160	117	2244	5	0	0	0	0	0	0	0	0	1258	4	0	0
114	255	161	79	28	0	0	0	0	0	0	0	0	0	0	0	0	0	0
115	278	164	163	92	0	0	0	0	0	0	0	0	0	0	0	0	0	0
116	310	165	166	120	0	0	3230	9	1564	8	0	0	0	0	3876	15	756	5
117	311	167	168	109	0	0	0	0	816	5	0	0	0	0	1020	5	712	6
118	312	169	170	122	0	0	0	0	1462	5	0	0	0	0	1020	5	472	4
119	313	171	172	120	0	0	0	0	3991	20	0	0	0	0	3060	8	0	0
120	314	173	174	116	0	0	0	0	2737	16	0	0	0	0	3264	16	436	3
121	325	175	176	53	3986	10	0	0	1530	3	0	0	0	0	2652	9	0	0
122	330	37	177	86	0	0	1054	3	0	0	0	0	0	0	204	1	0	0
123	331	39	178	208	0	0	3810	43	0	0	0	0	0	0	3264	8	0	0
124	332	34	179	44	3570	7	1020	2	2040	4	0	0	0	0	1938	5	0	0
125	335	180	78	261	3060	6	1020	2	3514	14	1870	1	0	0	3502	12	0	0
126	336	50	180	90	2550	5	0	0	340	1	0	0	0	0	0	0	0	0
127	337	78	80	16	0	0	0	0	1020	2	0	0	0	0	0	0	0	0
128	340	49	160	96	0	0	0	0	0	0	0	0	0	0	408	2	0	0
129	342	181	79	86	0	0	2040	4	748	3	0	0	0	0	680	2	0	0
130	343	182	82	76	0	0	1275	3	0	0	0	0	0	0	544	2	0	0
131	344	183	184	111	0	0	3570	7	0	0	918	3	0	0	1054	3	0	0
132	345	185	184	144	0	0	3570	7	3400	7	0	0	0	0	3876	12	0	0
133	347	186	187	96	0	0	0	0	1785	10	0	0	0	0	1836	9	1408	9
134	348	188	189	138	510	1	2040	4	4027	19	0	0	0	0	3672	10	408	2
135	397	190	102	29	3740	8	0	0	0	0	0	0	0	0	0	0	0	0
136	398	191	101	30	0	0	0	0	0	0	0	0	0	0	850	2	0	0
137	399	192	191	34	0	0	1224	8	0	0	0	0	0	0	0	0	0	0
138	400	191	190	26	0	0	0	0	0	0	0	0	0	0	0	0	0	0
139	401	193	190	35	0	0	1530	10	0	0	0	0	0	0	850	2	0	0
140	402	194	133	46	510	1	0	0	204	1	0	0	0	0	204	1	116	1
141	403	195	193	85	3803	9	2703	13	0	0	0	0	0	0	5440	12	0	0
142	404	192	196	152	3404	11	1989	13	1020	2	0	0	0	0	4250	10	0	0
143	405	133	146	83	0	0	0	0	0	0	0	0	0	0	0	0	0	0
144	406	193	115	23	0	0	0	0	0	0	0	0	0	0	0	0	0	0
145	407	115	192	11	0	0	0	0	0	0	0	0	0	0	0	0	0	0
146	408	197	198	23	0	0	0	0	0	0	0	0	0	0	0	0	0	0
147	409	143	199	202	0	0	1020	2	850	2	0	0	0	0	0	0	0	0
148	410	35	143	58	0	0	0	0	0	0	0	0	0	0	0	0	0	0
149	411	200	201	66	0	0	0	0	0	0	0	0	0	0	0	0	0	0
150	412	200	146	29	0	0	0	0	0	0	0	0	0	0	0	0	0	0
151	413	199	194	120	0	0	714	2	510	1	0	0	0	0	1852	5	0	0
152	414	202	203	77	0	0	3777	11	0	0	0	0	0	0	1530	3	0	0
153	415	202	197	22	0	0	0	0	0	0	0	0	0	0	0	0	0	0
154	416	122	198	33	0	0	0	0	0	0	0	0	0	0	0	0	0	0
155	417	201	204	73	0	0	0	0	0	0	0	0	0	0	0	0	0	0
156	418	205	206	81	0	0	3697	26	0	0	0	0	0	0	3060	6	0	0
157	419	205	203	18	0	0	0	0	0	0	0	0	0	0	0	0	0	0
158	420	207	119	94	0	0	0	0	765	5	0	0	0	0	408	2	0	0
159	421	208	209	12	0	0	0	0	0	0	0	0	0	0	0	0	0	0
160	422	210	122	57	0	0	4080	8	0	0	0	0	0	0	1870	4	0	0
161	423	206	209	89	0	0	0	0	0	0	0	0	0	0	0	0	0	0
162	424	208	207	94	0	0	0	0	0	0	0	0	0	0	0	0	0	0
163	425	211	195	141	0	0	3516	46	0	0	0	0	0	0	4080	8	0	0
164	464	212	105	142	0	0	0	0	1173	7	0	0	0	0	1428	7	592	5
165	468	213	58	119	0	0	0	0	1394	7	0	0	0	0	1428	7	704	6
166	470	214	215	13	0	0	1020	2	0	0	0	0	0	0	0	0	0	0
167	476	216	217	10	0	0	1020	2	0	0	0	0	0	0	0	0	0	0
168	477	217	218	9	0	0	2040	4	0	0	510	1	0	0	510	1	0	0
169	480	219	220	9	0	0	2040	4	0	0	510	1	0	0	510	1	0	0
170	486	204	14	89	0	0	0	0	0	0	0	0	0	0	0	0	0	0
171	487	210	14	25	0	0	0	0	0	0	0	0	0	0	0	0	0	0
172	488	211	119	40	0	0	0	0	0	0	0	0	0	0	0	0	0	0
173	489	221	222	130	0	0	0	0	0	0	0	0	0	0	0	0	0	0
174	490	47	223	44	0	0	0	0	0	0	0	0	0	0	0	0	0	0
175	491	224	225	179	0	0	0	0	0	0	0	0	0	0	0	0	0	0
176	494	226	227	127	0	0	0	0	1989	7	0	0	0	0	612	3	640	4
177	495	227	228	12	0	0	0	0	0	0	0	0	0	0	0	0	0	0
178	496	225	47	7	0	0	0	0	0	0	0	0	0	0	0	0	0	0
179	497	22	99	194	0	0	0	0	0	0	0	0	0	0	0	0	0	0
180	498	67	229	103	0	0	0	0	646	3	0	0	0	0	408	2	320	2
181	500	230	231	84	0	0	0	0	0	0	0	0	0	0	0	0	0	0
182	501	231	232	39	0	0	0	0	0	0	0	0	0	0	0	0	0	0
183	502	229	210	89	0	0	0	0	0	0	0	0	0	0	0	0	0	0
184	503	66	233	112	0	0	0	0	561	3	0	0	0	0	1020	5	844	5
185	504	234	66	146	0	0	0	0	918	3	0	0	0	0	612	3	788	6
186	505	99	230	85	0	0	0	0	0	0	0	0	0	0	0	0	0	0
187	506	13	221	116	0	0	0	0	0	0	0	0	0	0	0	0	0	0
188	507	222	224	115	0	0	0	0	0	0	0	0	0	0	0	0	0	0
189	508	232	67	153	0	0	0	0	765	5	0	0	0	0	1020	5	712	6
190	509	22	98	190	0	0	2040	4	306	2	0	0	0	0	1258	4	232	2
191	510	98	235	95	0	0	0	0	306	2	0	0	0	0	408	2	0	0
192	511	233	14	88	0	0	0	0	0	0	0	0	0	0	0	0	0	0
193	512	235	234	120	0	0	0	0	425	3	0	0	0	0	816	4	348	3
194	513	30	236	67	3570	7	0	0	1530	3	0	0	0	0	544	2	0	0
195	514	236	237	25	0	0	0	0	0	0	0	0	0	0	0	0	0	0
196	515	64	238	8	0	0	1530	3	238	2	0	0	0	0	322	2	0	0
197	516	237	239	37	0	0	0	0	153	1	0	0	0	0	204	1	116	1
198	517	240	45	57	0	0	850	2	0	0	510	1	0	0	510	1	0	0
199	518	62	240	251	0	0	4160	26	4114	6	0	0	0	0	3468	10	0	0
200	519	147	62	59	0	0	510	1	0	0	0	0	0	0	0	0	0	0
201	520	33	241	230	3060	6	4253	77	2040	4	4760	5	0	0	6392	15	0	0
202	521	242	128	156	0	0	2856	14	1224	6	3740	2	0	0	2040	4	0	0
203	522	241	147	18	0	0	0	0	0	0	0	0	0	0	0	0	0	0
204	523	45	222	87	0	0	0	0	0	0	0	0	0	0	0	0	0	0
205	525	125	64	87	1020	2	0	0	0	0	0	0	0	0	0	0	0	0
206	526	243	244	44	0	0	0	0	0	0	0	0	0	0	0	0	0	0
207	527	244	125	28	0	0	0	0	0	0	0	0	0	0	0	0	0	0
208	528	128	243	35	0	0	3568	10	0	0	0	0	0	0	1632	6	0	0
209	529	121	242	7	0	0	0	0	0	0	0	0	0	0	0	0	0	0
210	530	4	245	81	0	0	0	0	612	4	0	0	0	0	816	4	0	0
211	531	239	246	11	0	0	0	0	0	0	0	0	0	0	0	0	0	0
212	532	246	4	102	0	0	1530	3	306	2	0	0	0	0	1428	4	232	2
213	533	247	121	81	0	0	0	0	0	0	0	0	0	0	0	0	0	0
214	534	238	30	105	0	0	1530	3	3060	6	0	0	0	0	1360	4	0	0
215	535	245	248	92	0	0	0	0	4182	12	0	0	0	0	1428	7	1028	8
216	541	249	250	23	0	0	0	0	0	0	0	0	0	0	0	0	0	0
217	568	144	251	76	0	0	3737	12	0	0	510	1	0	0	2074	5	0	0
218	570	252	253	387	1530	3	2380	5	3060	6	2720	3	0	0	1020	2	0	0
219	573	254	7	60	2550	5	0	0	0	0	1020	2	0	0	1700	1	0	0
220	580	255	210	231	0	0	0	0	0	0	0	0	0	0	0	0	0	0
221	581	247	255	128	0	0	4207	10	0	0	0	0	0	0	2584	6	0	0
222	582	222	247	8	0	0	0	0	0	0	0	0	0	0	0	0	0	0
223	583	256	247	116	0	0	0	0	0	0	0	0	0	0	0	0	0	0
224	585	46	224	62	1020	2	0	0	0	0	3944	6	0	0	1394	4	0	0
225	587	257	256	178	0	0	0	0	0	0	0	0	0	0	0	0	0	0
226	588	225	257	6	0	0	0	0	0	0	0	0	0	0	0	0	0	0
227	589	48	257	7	0	0	0	0	0	0	0	0	0	0	0	0	0	0
228	590	51	47	360	0	0	0	0	0	0	2754	6	3740	2	2754	6	0	0
229	591	165	48	44	0	0	0	0	0	0	0	0	0	0	0	0	0	0
230	592	223	165	6	0	0	0	0	0	0	0	0	0	0	0	0	0	0
231	593	223	226	82	0	0	0	0	0	0	0	0	0	0	0	0	0	0
232	594	258	165	82	0	0	0	0	476	3	0	0	0	0	816	4	320	2
233	595	152	226	103	0	0	0	0	952	4	1870	1	0	0	612	3	232	2
234	596	259	258	130	0	0	0	0	561	3	0	0	0	0	612	3	796	6
235	597	260	261	6	0	0	0	0	0	0	0	0	0	0	0	0	0	0
236	598	221	255	8	0	0	0	0	0	0	0	0	0	0	0	0	0	0
237	599	262	263	206	0	0	0	0	0	0	0	0	0	0	0	0	0	0
238	604	264	56	94	0	0	4242	21	1870	6	3060	5	0	0	2244	8	408	2
239	611	265	266	185	0	0	0	0	0	0	0	0	0	0	0	0	0	0
240	614	267	264	88	0	0	3420	24	561	3	2550	4	0	0	816	4	0	0
241	615	56	266	25	0	0	0	0	0	0	0	0	0	0	0	0	0	0
242	617	265	268	68	0	0	0	0	2754	6	0	0	0	0	544	2	0	0
243	622	250	267	68	0	0	0	0	0	0	0	0	0	0	0	0	0	0
244	623	40	269	201	0	0	3060	6	3454	10	0	0	0	0	3740	12	0	0
245	624	270	269	43	0	0	1530	3	0	0	0	0	0	0	236	2	0	0
246	629	228	260	4	0	0	0	0	0	0	0	0	0	0	0	0	0	0
247	631	175	271	68	0	0	3570	7	663	2	0	0	0	0	1700	4	0	0
248	632	272	175	78	1632	8	0	0	0	0	0	0	0	0	0	0	0	0
249	633	273	272	74	1020	2	0	0	0	0	0	0	0	0	680	2	0	0
250	635	153	151	97	0	0	306	2	2091	9	0	0	0	0	2244	11	464	4
251	636	274	153	135	0	0	0	0	2380	8	0	0	0	0	1632	8	1316	9
252	637	269	275	127	0	0	680	2	2074	5	0	0	0	0	1496	6	0	0
253	638	151	228	85	0	0	0	0	1054	5	0	0	0	0	816	4	592	5
254	639	271	40	63	0	0	0	0	0	0	0	0	0	0	0	0	0	0
255	640	53	275	21	0	0	0	0	0	0	0	0	0	0	0	0	0	0
256	641	276	274	14	0	0	0	0	0	0	0	0	0	0	0	0	0	0
257	642	274	53	25	0	0	0	0	0	0	0	0	0	0	0	0	0	0
258	643	275	276	29	0	0	0	0	0	0	0	0	0	0	0	0	0	0
259	644	277	278	52	0	0	0	0	629	4	0	0	0	0	816	4	408	2
260	645	259	227	10	0	0	0	0	0	0	0	0	0	0	0	0	0	0
261	646	261	279	3	0	0	0	0	0	0	0	0	0	0	0	0	0	0
262	647	259	169	81	0	0	0	0	1258	4	0	0	0	0	612	3	232	2
263	648	250	213	307	0	0	0	0	833	3	0	0	0	0	408	2	472	4
264	649	277	261	73	0	0	0	0	510	3	0	0	0	0	408	2	232	2
265	650	213	280	82	0	0	0	0	119	1	0	0	0	0	204	1	0	0
266	651	279	281	12	0	0	0	0	0	0	0	0	0	0	0	0	0	0
267	652	280	173	71	0	0	0	0	0	0	0	0	0	0	204	1	116	1
268	653	167	159	101	0	0	0	0	1768	10	0	0	0	0	2040	10	1240	9
269	654	169	167	80	0	0	0	0	1122	6	0	0	0	0	1224	6	1272	10
270	655	173	277	112	0	0	0	0	833	5	0	0	0	0	816	4	1036	8
271	656	282	260	256	0	0	0	0	4080	19	0	0	0	0	3502	15	944	8
272	657	71	283	88	0	0	1224	8	2703	6	0	0	0	0	2040	8	232	2
273	658	284	21	183	0	0	0	0	1224	3	0	0	0	0	0	0	0	0
274	659	285	283	138	0	0	0	0	1734	8	0	0	0	0	1870	7	0	0
275	660	21	286	10	0	0	0	0	0	0	0	0	0	0	0	0	0	0
276	661	286	285	183	0	0	0	0	204	1	0	0	0	0	408	2	0	0
277	662	263	284	156	0	0	0	0	4241	15	1870	1	0	0	748	3	408	2
278	663	285	284	11	0	0	0	0	0	0	0	0	0	0	0	0	0	0
279	664	249	282	407	0	0	4119	16	3570	7	0	0	0	0	3978	9	0	0
280	665	159	287	174	0	0	0	0	2465	14	0	0	0	0	2652	13	1784	15
281	666	288	289	83	0	0	0	0	323	2	0	0	0	0	408	2	0	0
282	667	279	290	102	0	0	0	0	714	4	0	0	0	0	612	3	232	2
283	669	281	259	8	0	0	0	0	0	0	0	0	0	0	0	0	0	0
284	670	281	288	115	0	0	0	0	1343	4	0	0	0	0	1632	8	232	2
285	671	290	291	97	0	0	0	0	714	4	0	0	0	0	816	4	472	4
286	683	95	93	110	0	0	0	0	0	0	0	0	0	0	0	0	0	0
287	684	22	292	83	0	0	0	0	0	0	0	0	0	0	0	0	0	0
288	686	293	286	107	0	0	0	0	153	1	0	0	0	0	0	0	0	0
289	688	94	294	254	0	0	0	0	0	0	0	0	0	0	0	0	0	0
290	689	295	296	182	0	0	1020	5	0	0	0	0	0	0	0	0	0	0
291	690	93	295	177	0	0	2601	17	0	0	0	0	0	0	0	0	0	0
292	691	297	95	87	0	0	0	0	0	0	0	0	0	0	0	0	0	0
293	692	294	17	86	0	0	0	0	0	0	0	0	0	0	0	0	0	0
294	693	1	94	357	0	0	0	0	0	0	0	0	0	0	0	0	0	0
295	694	283	262	223	0	0	0	0	2040	4	0	0	0	0	544	2	0	0
296	695	292	297	57	0	0	0	0	0	0	0	0	0	0	0	0	0	0
297	696	17	293	85	0	0	0	0	0	0	1700	1	0	0	0	0	0	0
298	700	298	299	48	0	0	510	1	0	0	0	0	0	0	0	0	0	0
299	701	300	141	76	0	0	0	0	204	1	0	0	0	0	0	0	0	0
300	702	301	262	41	0	0	0	0	0	0	0	0	0	0	0	0	0	0
301	703	141	302	68	0	0	0	0	340	1	0	0	0	0	0	0	0	0
302	704	35	300	338	4227	19	4080	22	2040	4	0	0	0	0	5440	14	0	0
303	705	302	301	322	0	0	0	0	153	1	0	0	0	0	0	0	0	0
304	706	87	299	137	0	0	1955	4	204	1	0	0	0	0	748	3	408	2
305	707	299	83	38	0	0	0	0	0	0	0	0	0	0	0	0	0	0
306	709	262	73	103	0	0	3570	12	0	0	0	0	0	0	2550	6	0	0
307	711	73	87	93	0	0	1530	3	0	0	0	0	0	0	1088	4	0	0
308	712	18	303	119	3910	9	0	0	0	0	0	0	0	0	0	0	0	0
309	713	22	17	12	0	0	0	0	0	0	0	0	0	0	0	0	0	0
310	714	18	304	164	0	0	0	0	1020	2	0	0	0	0	0	0	0	0
311	727	304	305	103	425	1	0	0	510	3	0	0	0	0	612	3	472	4
312	728	306	307	150	0	0	2550	5	2227	12	0	0	0	0	3060	12	1680	12
313	729	303	305	121	3405	27	0	0	0	0	0	0	0	0	3400	4	0	0
314	730	85	304	316	0	0	2040	4	2618	15	0	0	0	0	3314	16	2968	25
315	731	89	85	84	0	0	0	0	1428	8	0	0	0	0	1428	7	1760	12
316	732	307	89	82	0	0	0	0	1734	8	0	0	0	0	1836	9	1508	12
317	737	307	84	82	0	0	0	0	612	4	0	0	1870	1	816	4	232	2
318	738	88	307	91	0	0	0	0	816	5	0	0	0	0	1020	5	788	6
319	739	74	71	3	0	0	0	0	0	0	0	0	0	0	0	0	0	0
320	740	74	88	87	0	0	0	0	1003	5	0	0	0	0	1224	6	592	5
321	741	263	283	20	0	0	0	0	0	0	0	0	0	0	0	0	0	0
322	747	91	308	83	0	0	3978	9	0	0	0	0	0	0	714	2	0	0
323	748	294	91	165	3808	10	0	0	0	0	2244	6	0	0	850	2	0	0
324	749	292	294	10	0	0	0	0	0	0	0	0	0	0	0	0	0	0
325	759	1	296	12	0	0	0	0	0	0	0	0	0	0	0	0	0	0
326	763	220	217	19	0	0	0	0	0	0	0	0	0	0	0	0	0	0
327	764	0	215	22	0	0	0	0	0	0	0	0	0	0	0	0	0	0
328	766	309	310	139	0	0	3958	39	0	0	0	0	1700	1	2550	6	0	0
329	767	0	309	88	0	0	0	0	0	0	0	0	0	0	0	0	0	0
330	768	311	309	78	0	0	510	1	0	0	510	1	0	0	340	1	0	0
331	769	295	312	60	0	0	0	0	0	0	0	0	0	0	0	0	0	0
332	770	313	96	142	0	0	3429	54	0	0	0	0	0	0	7480	14	0	0
333	771	96	314	147	0	0	0	0	0	0	0	0	0	0	2720	6	0	0
334	772	312	313	132	0	0	3924	34	0	0	1870	1	0	0	2210	5	0	0
335	773	315	96	103	0	0	0	0	0	0	0	0	0	0	0	0	0	0
336	774	312	316	286	2601	17	4213	30	0	0	2380	2	0	0	4250	9	0	0
337	775	317	318	70	0	0	0	0	357	2	0	0	0	0	408	2	0	0
338	776	319	317	11	0	0	0	0	0	0	0	0	0	0	0	0	0	0
339	777	201	320	236	0	0	3489	15	5708	21	510	1	0	0	6868	28	352	3
340	778	320	321	13	0	0	0	0	459	3	0	0	0	0	408	2	232	2
341	779	97	322	171	0	0	0	0	391	3	0	0	0	0	204	1	232	2
342	780	323	97	102	0	0	0	0	459	3	0	0	0	0	612	3	0	0
343	781	319	323	99	0	0	0	0	731	5	0	0	0	0	1020	5	232	2
344	782	321	318	85	0	0	0	0	1513	9	0	0	0	0	2040	10	232	2
345	789	324	109	140	4080	8	0	0	0	0	0	0	0	0	0	0	0	0
346	790	325	108	141	0	0	0	0	782	5	0	0	0	0	1020	5	832	7
347	791	109	326	103	3919	10	0	0	1530	3	0	0	1870	1	0	0	0	0
348	792	327	328	90	0	0	0	0	408	2	0	0	0	0	408	2	0	0
349	793	108	329	99	0	0	0	0	612	4	0	0	0	0	816	4	592	5
350	794	326	330	110	0	0	0	0	0	0	0	0	0	0	0	0	0	0
351	795	329	330	101	0	0	0	0	323	2	0	0	0	0	408	2	472	4
352	796	324	328	7	0	0	0	0	0	0	0	0	0	0	0	0	0	0
353	797	209	212	86	0	0	4031	18	510	1	1870	4	0	0	850	2	0	0
354	798	315	297	103	0	0	4028	22	0	0	0	0	0	0	2720	6	0	0
355	799	324	315	226	4182	10	0	0	1564	10	0	0	0	0	2890	12	1304	11
356	800	212	331	104	0	0	0	0	1989	13	0	0	0	0	1836	9	952	8
357	801	331	325	180	0	0	0	0	2992	18	0	0	0	0	3468	17	1904	16
358	802	328	325	6	0	0	0	0	0	0	0	0	0	0	0	0	0	0
359	803	211	104	83	0	0	2244	11	0	0	0	0	0	0	0	0	0	0
360	804	104	111	150	0	0	0	0	4080	8	0	0	0	0	0	0	0	0
361	805	111	330	148	0	0	3472	12	3417	8	0	0	0	0	2278	3	464	4
362	806	107	332	115	0	0	0	0	578	4	0	0	0	0	1020	5	584	5
363	807	331	107	69	0	0	0	0	1394	9	0	0	0	0	1836	9	952	8
364	808	333	334	73	0	0	0	0	1003	7	0	0	0	0	1428	7	704	6
365	809	332	110	40	0	0	0	0	306	2	0	0	0	0	408	2	408	2
366	810	326	313	232	1020	2	3916	24	0	0	0	0	0	0	4012	10	0	0
367	811	105	332	109	0	0	0	0	2822	12	0	0	0	0	2448	12	1488	10
368	812	110	334	75	0	0	0	0	578	4	0	0	0	0	816	4	1120	8
369	813	334	329	74	0	0	0	0	612	4	0	0	0	0	1224	6	472	4
370	814	207	105	88	0	0	3927	14	0	0	0	0	0	0	2482	7	0	0
371	815	335	117	100	0	0	1020	2	0	0	0	0	0	0	0	0	0	0
372	816	117	113	104	0	0	2040	4	0	0	0	0	0	0	1360	3	0	0
373	817	195	335	81	0	0	0	0	0	0	0	0	0	0	0	0	0	0
374	818	335	112	109	0	0	3060	6	0	0	0	0	0	0	2380	6	0	0
375	819	336	335	105	0	0	2720	6	510	1	0	0	0	0	680	2	0	0
376	820	112	337	92	0	0	850	2	0	0	0	0	0	0	1428	5	0	0
377	821	114	171	54	0	0	0	0	0	0	0	0	0	0	0	0	0	0
378	822	211	336	88	0	0	0	0	0	0	0	0	0	0	0	0	0	0
379	823	336	116	116	0	0	4080	8	1530	3	0	0	0	0	3264	5	0	0
380	824	116	114	135	0	0	0	0	0	0	0	0	0	0	0	0	0	0
381	825	171	248	115	0	0	2193	12	0	0	0	0	0	0	510	1	0	0
382	826	2	338	162	0	0	4009	29	510	1	0	0	0	0	3570	7	0	0
383	827	2	114	100	0	0	3524	21	1530	3	0	0	0	0	4998	12	0	0
384	828	339	340	120	0	0	0	0	306	2	0	0	0	0	408	2	472	4
385	829	341	342	87	0	0	0	0	1394	9	0	0	0	0	1836	9	1236	9
386	830	339	341	10	0	0	0	0	0	0	0	0	0	0	0	0	0	0
387	831	4	339	91	0	0	0	0	1428	9	0	0	0	0	1836	9	232	2
388	832	343	245	105	0	0	0	0	0	0	0	0	0	0	0	0	0	0
389	834	199	241	264	0	0	3966	28	3060	6	0	0	0	0	4590	14	0	0
390	835	246	344	235	0	0	0	0	3747	29	0	0	0	0	4086	29	2732	23
391	836	344	345	96	0	0	0	0	884	6	0	0	0	0	1224	6	832	7
392	837	342	343	181	0	0	0	0	3672	24	0	0	0	0	3900	24	2156	16
393	838	346	342	72	0	0	0	0	1122	7	0	0	0	0	1428	7	232	2
394	839	344	346	18	0	0	0	0	0	0	0	0	0	0	0	0	0	0
395	840	338	239	123	0	0	3928	9	153	1	0	0	0	0	2618	8	232	2
396	841	118	338	250	0	0	0	0	4998	29	0	0	0	0	3864	24	3024	24
397	842	208	118	79	0	0	3060	6	1683	4	0	0	0	0	1462	5	0	0
398	847	348	349	15	0	0	0	0	0	0	0	0	0	0	0	0	0	0
399	848	350	348	64	0	0	0	0	0	0	0	0	0	0	0	0	0	0
400	849	123	351	84	0	0	0	0	0	0	0	0	0	0	0	0	0	0
401	850	351	350	79	0	0	3970	9	0	0	0	0	0	0	850	2	0	0
402	851	205	350	197	0	0	1700	4	3604	5	0	0	0	0	1292	5	0	0
403	852	350	128	191	3913	9	0	0	510	1	0	0	0	0	2890	7	0	0
404	853	352	353	49	0	0	3653	19	3508	27	0	0	0	0	4760	10	0	0
405	854	351	352	115	0	0	3656	10	0	0	0	0	0	0	1190	3	0	0
406	855	197	351	160	4213	10	0	0	204	1	0	0	0	0	2788	8	0	0
407	856	255	120	75	0	0	3570	7	3786	15	850	2	0	0	4080	6	0	0
408	857	120	352	83	0	0	0	0	0	0	0	0	0	0	0	0	0	0
409	858	206	124	78	0	0	0	0	306	2	0	0	0	0	408	2	352	3
410	859	349	63	8	0	0	0	0	306	2	0	0	0	0	408	2	232	2
411	860	65	348	14	0	0	0	0	0	0	0	0	0	0	0	0	0	0
412	861	124	65	140	0	0	4182	15	833	3	0	0	0	0	2312	7	116	1
413	862	349	244	165	0	0	3974	29	0	0	0	0	0	0	4250	10	0	0
414	863	32	5	131	2040	10	4017	25	0	0	1020	2	0	0	4420	9	0	0
415	864	5	10	129	3421	18	0	0	0	0	1785	3	1700	1	680	2	0	0
416	865	354	355	192	0	0	0	0	0	0	1870	1	0	0	4590	9	0	0
417	866	356	354	70	0	0	0	0	0	0	0	0	0	0	0	0	0	0
418	868	242	356	127	4219	36	0	0	0	0	0	0	0	0	6290	15	0	0
419	869	357	70	142	0	0	0	0	2278	11	0	0	0	0	2652	13	1268	10
420	870	70	358	108	0	0	0	0	1921	6	0	0	0	0	1224	6	944	8
421	871	204	357	85	0	0	3060	6	204	1	1530	3	0	0	1224	3	232	2
422	872	131	359	26	0	0	0	0	204	1	0	0	0	0	204	1	0	0
423	873	323	359	49	0	0	0	0	119	1	0	0	0	0	204	1	232	2
424	874	235	230	29	0	0	0	0	0	0	0	0	0	0	0	0	0	0
425	875	359	130	23	0	0	0	0	0	0	0	0	0	0	0	0	0	0
426	876	131	235	67	0	0	0	0	493	2	0	0	0	0	408	2	472	4
427	877	230	360	106	0	0	3749	25	0	0	1870	1	0	0	5100	10	0	0
428	878	206	361	85	0	0	0	0	1870	1	0	0	0	0	0	0	0	0
429	879	362	327	39	0	0	0	0	0	0	0	0	0	0	0	0	0	0
430	880	361	362	247	0	0	0	0	1836	11	0	0	0	0	2040	10	712	6
431	882	360	100	76	0	0	0	0	0	0	0	0	0	0	0	0	0	0
432	883	327	360	81	0	0	0	0	0	0	0	0	0	0	0	0	0	0
433	884	363	364	82	0	0	0	0	663	4	0	0	0	0	816	4	352	3
434	885	69	363	77	0	0	0	0	935	5	0	0	0	0	1020	5	944	8
435	886	68	363	81	0	0	0	0	357	2	0	0	0	0	408	2	352	3
436	887	365	69	87	0	0	0	0	1207	4	0	0	0	0	612	3	640	4
437	888	366	202	85	0	0	0	0	0	0	0	0	0	0	0	0	0	0
438	889	198	367	85	0	0	0	0	1020	2	0	0	0	0	0	0	0	0
439	890	233	229	27	0	0	0	0	0	0	0	0	0	0	0	0	0	0
440	891	368	361	72	0	0	3825	8	238	2	0	0	0	0	2788	7	472	4
441	892	368	205	85	0	0	0	0	0	0	0	0	0	0	0	0	0	0
442	893	203	369	85	0	0	0	0	0	0	0	0	0	0	0	0	0	0
443	894	367	366	44	0	0	0	0	578	2	0	0	0	0	612	3	464	4
444	895	229	367	62	0	0	0	0	612	3	0	0	0	0	408	2	0	0
445	896	357	233	93	0	0	0	0	1105	5	0	0	0	0	612	3	436	3
446	897	366	365	74	0	0	0	0	510	3	0	0	0	0	612	3	232	2
447	898	368	369	18	0	0	0	0	0	0	0	0	0	0	0	0	0	0
448	899	369	365	3	0	0	0	0	0	0	0	0	0	0	0	0	0	0
449	900	234	232	27	0	0	0	0	0	0	0	0	0	0	0	0	0	0
450	901	364	362	63	0	0	0	0	153	1	0	0	0	0	204	1	116	1
451	902	232	364	93	0	0	0	0	119	1	0	0	0	0	204	1	232	2
452	903	231	327	140	0	0	0	0	0	0	0	0	0	0	0	0	0	0
453	904	132	358	29	0	0	0	0	204	1	0	0	0	0	204	1	408	2
454	905	370	318	70	0	0	0	0	1122	7	1870	1	0	0	1428	7	232	2
455	906	371	139	88	0	0	0	0	1955	9	0	0	0	0	2448	9	952	8
456	907	372	373	129	0	0	816	4	4386	13	0	0	0	0	2822	11	232	2
457	908	132	234	80	0	0	0	0	578	4	0	0	0	0	816	4	0	0
458	909	373	371	189	0	0	0	0	4930	21	0	0	0	0	3672	18	2388	18
459	910	318	358	73	0	0	0	0	459	3	0	0	0	0	612	3	232	2
460	911	139	370	102	0	0	0	0	1479	9	0	0	0	0	2040	10	1068	9
461	912	135	137	69	0	0	0	0	1496	9	0	0	0	0	1632	8	472	4
462	913	374	321	75	0	0	0	0	1207	8	0	0	0	0	1632	8	0	0
463	914	137	374	38	0	0	0	0	510	3	0	0	0	0	612	3	236	2
464	915	374	320	63	0	0	0	0	153	1	0	0	0	0	204	1	0	0
465	916	200	134	76	0	0	1547	13	1377	7	0	0	0	0	1428	7	948	8
466	917	134	135	71	0	0	0	0	1224	8	0	0	0	0	1632	8	0	0
467	918	375	376	79	0	0	0	0	1683	7	0	0	0	0	1836	9	320	2
468	919	376	371	82	0	0	0	0	1377	5	0	0	0	0	1020	5	524	3
469	920	377	376	166	0	0	0	0	3961	21	0	0	0	0	3264	16	1472	11
470	921	378	377	155	0	0	0	0	6083	24	1870	1	0	0	2448	12	1944	15
471	922	377	373	76	0	0	0	0	459	3	0	0	0	0	408	2	232	2
472	923	379	377	77	0	0	0	0	357	2	0	0	0	0	612	3	964	6
473	924	380	379	179	0	0	1530	3	4678	19	0	0	0	0	4250	18	1624	13
474	925	379	375	143	0	0	0	0	5236	18	0	0	0	0	2312	10	1644	12
475	926	142	381	258	0	0	3682	18	5867	33	0	0	0	0	8042	35	0	0
476	927	302	142	214	0	0	3026	18	3499	20	0	0	0	0	3944	16	0	0
477	928	381	317	110	0	0	2550	5	0	0	1020	2	0	0	0	0	0	0
478	929	381	382	34	0	0	1700	4	0	0	0	0	0	0	850	2	0	0
479	930	347	240	263	0	0	4180	19	0	0	3400	2	0	0	2380	5	0	0
480	931	149	46	35	0	0	0	0	0	0	0	0	0	0	0	0	0	0
481	932	60	149	279	3992	29	4067	27	2040	4	2720	7	0	0	7650	18	0	0
482	933	224	256	8	0	0	0	0	0	0	0	0	0	0	0	0	0	0
483	934	256	356	86	3983	14	0	0	0	0	1020	2	0	0	680	2	0	0
484	935	226	258	6	0	0	0	0	0	0	0	0	0	0	0	0	0	0
485	936	52	154	153	0	0	3479	12	850	2	0	0	0	0	1258	4	0	0
486	937	154	152	95	0	0	0	0	0	0	0	0	0	0	0	0	0	0
487	938	383	384	70	3899	10	0	0	0	0	0	0	0	0	0	0	0	0
488	939	43	383	144	3741	16	0	0	0	0	1530	3	0	0	2040	4	0	0
489	940	383	41	51	0	0	0	0	0	0	0	0	0	0	0	0	0	0
490	941	385	386	16	0	0	0	0	0	0	0	0	0	0	0	0	0	0
491	942	155	387	62	0	0	0	0	323	2	0	0	0	0	408	2	472	4
492	943	289	388	440	0	0	0	0	5718	43	0	0	0	0	5800	42	5248	42
493	944	155	385	8	0	0	0	0	0	0	0	0	0	0	0	0	0	0
494	945	389	29	164	4080	8	0	0	3968	22	0	0	0	0	4590	9	0	0
495	946	387	385	64	0	0	0	0	0	0	0	0	0	0	0	0	0	0
496	947	390	391	269	4182	19	0	0	0	0	0	0	0	0	2244	6	0	0
497	948	390	392	61	0	0	0	0	0	0	0	0	0	0	0	0	0	0
498	949	388	26	10	0	0	0	0	0	0	0	0	0	0	0	0	0	0
499	951	393	390	13	0	0	0	0	0	0	0	0	0	0	0	0	0	0
500	952	392	394	64	3726	19	0	0	0	0	0	0	0	0	2244	6	0	0
501	953	395	291	252	0	0	0	0	4386	22	0	0	0	0	4488	22	3872	29
502	954	289	291	21	0	0	0	0	0	0	0	0	0	0	0	0	0	0
503	955	387	393	53	0	0	0	0	0	0	0	0	0	0	0	0	0	0
504	956	389	396	176	0	0	2040	4	510	1	0	0	0	0	0	0	0	0
505	957	393	389	13	0	0	0	0	0	0	0	0	0	0	0	0	0	0
506	958	266	395	181	0	0	0	0	1802	11	0	0	0	0	3162	11	952	8
507	959	59	395	82	0	0	0	0	1734	6	0	0	0	0	1224	6	0	0
508	960	280	59	118	0	0	0	0	2397	13	0	0	0	0	1836	9	1064	9
509	961	265	156	53	4080	8	0	0	2074	2	0	0	0	0	1224	3	232	2
510	962	276	282	192	0	0	0	0	4318	13	0	0	0	0	2380	11	232	2
511	963	280	282	15	0	0	0	0	0	0	0	0	0	0	0	0	0	0
512	964	395	156	91	0	0	0	0	561	3	0	0	0	0	816	4	232	2
513	965	397	398	38	0	0	0	0	0	0	0	0	0	0	0	0	0	0
514	966	386	397	37	0	0	3060	6	1700	1	0	0	0	0	850	2	0	0
515	967	257	158	144	0	0	1020	2	3516	9	0	0	0	0	2380	5	0	0
516	968	399	397	39	0	0	0	0	1360	4	0	0	0	0	850	2	0	0
517	969	398	388	16	0	0	0	0	0	0	0	0	0	0	0	0	0	0
518	970	386	398	8	0	0	0	0	0	0	0	0	0	0	0	0	0	0
519	971	287	399	117	0	0	3060	6	1054	3	0	0	0	0	1224	3	0	0
520	972	158	287	180	0	0	0	0	3774	9	0	0	0	0	748	3	116	1
521	973	170	168	81	0	0	0	0	969	6	0	0	0	0	1224	6	352	3
522	974	288	170	80	0	0	0	0	544	4	0	0	0	0	816	4	232	2
523	975	168	399	288	0	0	4060	44	1802	9	0	0	0	0	9388	32	712	6
524	976	174	59	70	0	0	0	0	153	1	0	0	0	0	204	1	0	0
525	977	174	290	184	0	0	0	0	2482	15	0	0	0	0	3060	15	824	7
526	978	400	51	71	0	0	0	0	0	0	0	0	0	0	0	0	0	0
527	980	38	401	70	1700	4	0	0	0	0	0	0	0	0	544	2	0	0
528	981	401	400	179	1020	2	0	0	0	0	0	0	0	0	0	0	0	0
529	1024	56	402	41	2550	5	0	0	850	2	0	0	0	0	884	3	232	2
530	1072	271	403	211	3743	11	0	0	3754	17	510	1	0	0	5338	14	0	0
531	1074	403	44	60	1020	2	0	0	0	0	0	0	0	0	544	2	0	0
532	1091	404	405	195	0	0	3451	19	1870	1	0	0	0	0	3434	12	0	0
533	1092	42	404	13	0	0	0	0	0	0	0	0	0	0	0	0	0	0
534	1093	272	178	82	0	0	3315	10	7610	30	3400	7	0	0	340	1	0	0
535	1094	178	405	75	0	0	0	0	4197	42	6630	13	0	0	0	0	0	0
536	1095	406	407	60	2550	5	0	0	3485	7	0	0	0	0	1972	6	0	0
537	1096	407	81	93	0	0	1530	3	2040	4	0	0	0	0	2278	6	0	0
538	1097	188	253	72	1632	8	0	0	1836	9	0	0	0	0	408	2	0	0
539	1098	253	35	156	0	0	3417	9	4024	26	1802	6	0	0	4080	13	0	0
540	1099	408	406	96	1530	3	0	0	3890	19	340	1	0	0	3230	11	204	1
541	1100	408	76	25	0	0	0	0	0	0	0	0	0	0	0	0	0	0
542	1101	164	181	258	3449	10	2448	9	3509	10	1020	2	0	0	3230	7	0	0
543	1102	181	76	77	0	0	0	0	0	0	0	0	0	0	0	0	0	0
544	1103	407	188	23	0	0	2550	5	0	0	0	0	0	0	0	0	0	0
545	1104	185	409	112	0	0	0	0	4243	14	0	0	0	0	1904	8	0	0
546	1110	410	164	77	0	0	450	7	1530	3	0	0	0	0	544	2	0	0
547	1111	411	183	99	612	3	3230	14	0	0	1530	3	0	0	1632	6	0	0
548	1112	411	412	67	0	0	3978	12	0	0	0	0	0	0	1360	3	0	0
549	1113	410	409	39	0	0	0	0	0	0	0	0	0	0	0	0	0	0
550	1114	409	411	40	0	0	2040	4	0	0	0	0	0	0	1088	4	0	0
551	1115	413	76	149	0	0	2040	4	3400	2	1700	1	0	0	544	2	0	0
552	1116	183	413	44	0	0	0	0	0	0	0	0	0	0	0	0	0	0
553	1117	408	187	76	0	0	0	0	204	1	0	0	0	0	0	0	0	0
554	1118	186	414	152	0	0	0	0	2839	15	0	0	0	0	2244	11	1544	13
555	1119	406	186	98	0	0	0	0	4896	14	0	0	0	0	2108	9	668	5
556	-1	340	341	1	0	0	0	0	0	0	0	0	0	0	0	0	0	0
557	-2	345	346	1	0	0	0	0	0	0	0	0	0	0	0	0	0	0
558	-3	391	392	1	0	0	0	0	0	0	0	0	0	0	0	0	0	0
559	-4	8	9	18	0	0	0	0	0	0	0	0	0	0	0	0	0	0
560	-5	49	161	163	0	0	0	0	0	0	0	0	0	0	0	0	0	0
561	-7	76	75	93	0	0	0	0	0	0	0	0	0	0	0	0	0	0
562	-8	127	7	69	0	0	0	0	0	0	0	0	0	0	0	0	0	0
563	-9	220	215	38	0	0	0	0	0	0	0	0	0	0	0	0	0	0
564	-10	347	201	72	0	0	0	0	0	0	0	0	0	0	0	0	0	0
END
