ProblemType:	SP-CARP
NumberNodes:	399
NumberEdges:	549
DepotNodeNumber:	50
NumberOfFractions:	1
NumberOfIntervalsForFraction	General_Glass_Metal_Plastic_Organic	7	2.3	3.5	7	14	21	28	56
GRAPH
EdgeNumber	EdgeId	StartNodeNumber	EndNodeNumber	Cost	Demand_0	Bins_0	Demand_1	Bins_1	Demand_2	Bins_2	Demand_3	Bins_3	Demand_4	Bins_4	Demand_5	Bins_5	Demand_6	Bins_6
START
0	16	0	1	181	3873	19	3984	21	0	0	0	0	0	0	5032	14	0	0
1	48	2	3	79	0	0	1020	2	408	2	0	0	0	0	748	3	408	2
2	53	4	5	98	3933	13	0	0	5100	12	1870	1	0	0	850	2	0	0
3	54	6	7	86	0	0	0	0	0	0	0	0	0	0	0	0	0	0
4	58	8	5	119	0	0	3666	9	119	1	1870	1	0	0	680	2	0	0
5	59	9	10	107	0	0	0	0	3654	9	0	0	0	0	1224	4	0	0
6	60	7	11	63	0	0	0	0	0	0	0	0	0	0	0	0	0	0
7	62	11	12	23	0	0	0	0	0	0	0	0	0	0	0	0	0	0
8	63	13	14	79	0	0	0	0	0	0	0	0	0	0	0	0	0	0
9	65	15	16	140	0	0	4123	17	4015	13	0	0	0	0	5338	18	0	0
10	66	17	8	90	1020	2	0	0	1020	2	510	1	0	0	510	1	0	0
11	67	18	19	226	0	0	0	0	1632	8	0	0	0	0	544	2	0	0
12	68	12	20	84	0	0	4046	16	0	0	0	0	0	0	1258	4	0	0
13	69	16	21	153	612	4	2975	7	3703	10	0	0	0	0	3722	14	0	0
14	70	5	15	111	0	0	3868	16	0	0	0	0	0	0	2550	6	0	0
15	71	22	23	69	0	0	0	0	0	0	0	0	0	0	0	0	0	0
16	72	23	13	6	0	0	0	0	0	0	0	0	0	0	0	0	0	0
17	73	20	22	22	0	0	2125	5	0	0	0	0	0	0	1190	3	0	0
18	74	19	17	111	0	0	3635	12	3435	15	0	0	0	0	4148	15	0	0
19	75	14	18	213	0	0	0	0	4151	12	0	0	0	0	2312	8	0	0
20	76	10	6	45	0	0	0	0	0	0	0	0	0	0	0	0	0	0
21	81	24	25	58	0	0	0	0	3060	6	0	0	0	0	0	0	0	0
22	82	26	27	55	2040	4	4080	8	0	0	0	0	0	0	1530	4	0	0
23	83	28	27	62	3889	10	0	0	0	0	0	0	0	0	2754	7	0	0
24	84	29	30	19	3584	50	0	0	0	0	2550	5	0	0	5434	14	0	0
25	85	27	29	57	0	0	680	2	0	0	0	0	0	0	0	0	0	0
26	86	31	25	56	0	0	0	0	0	0	3825	5	0	0	0	0	0	0
27	87	30	31	9	0	0	0	0	0	0	0	0	0	0	0	0	0	0
28	89	32	24	194	0	0	0	0	1020	2	0	0	0	0	544	2	0	0
29	91	33	34	121	0	0	0	0	2244	9	0	0	0	0	1428	7	1604	10
30	92	35	36	47	0	0	0	0	3230	7	0	0	0	0	1360	6	0	0
31	93	37	38	98	0	0	2550	5	2040	4	0	0	0	0	1530	4	0	0
32	100	39	40	244	0	0	4051	13	3770	25	0	0	0	0	6698	26	0	0
33	101	41	39	40	0	0	0	0	0	0	0	0	0	0	0	0	0	0
34	102	42	43	51	0	0	0	0	935	2	0	0	0	0	0	0	0	0
35	105	37	44	24	0	0	0	0	0	0	0	0	0	0	0	0	0	0
36	106	45	46	104	3836	26	0	0	0	0	1700	1	0	0	2040	4	0	0
37	107	46	37	56	2040	4	0	0	0	0	0	0	0	0	544	2	0	0
38	108	47	46	71	0	0	0	0	0	0	0	0	0	0	0	0	0	0
39	109	48	49	108	0	0	3264	7	0	0	0	0	0	0	2550	5	0	0
40	110	50	48	145	0	0	0	0	204	1	0	0	0	0	3230	7	0	0
41	111	51	52	71	0	0	0	0	3060	15	0	0	0	0	1258	4	232	2
42	112	51	53	98	0	0	0	0	2159	8	0	0	0	0	1224	6	436	3
43	113	53	54	88	0	0	1020	2	2193	12	0	0	0	0	1768	8	468	4
44	114	55	51	67	2890	6	2040	4	2720	3	510	1	0	0	1734	5	0	0
45	115	56	54	257	0	0	0	0	7412	36	0	0	0	0	4488	22	2932	19
46	116	57	58	97	1530	3	1700	4	0	0	0	0	0	0	850	2	0	0
47	117	59	57	96	0	0	4131	15	2040	4	0	0	0	0	2720	10	0	0
48	121	61	60	28	0	0	0	0	0	0	0	0	0	0	0	0	0	0
49	122	62	61	93	1530	3	850	2	0	0	0	0	0	0	1564	4	0	0
50	124	63	64	107	4006	10	0	0	0	0	0	0	0	0	3468	11	0	0
51	126	65	66	91	0	0	1020	2	153	1	0	0	0	0	748	3	232	2
52	128	65	67	74	0	0	0	0	918	5	0	0	0	0	816	4	116	1
53	129	67	68	85	0	0	0	0	357	2	0	0	0	0	408	2	472	4
54	130	69	70	115	0	0	0	0	0	0	0	0	0	0	0	0	0	0
55	131	71	69	72	0	0	0	0	0	0	0	0	0	0	3570	7	0	0
56	140	72	73	56	0	0	4117	18	0	0	0	0	0	0	2584	12	0	0
57	142	40	74	11	0	0	0	0	0	0	0	0	0	0	0	0	0	0
58	143	75	76	133	0	0	4147	12	4199	9	0	0	0	0	2210	8	0	0
59	148	77	78	72	0	0	0	0	0	0	0	0	0	0	0	0	0	0
60	149	79	80	72	0	0	0	0	0	0	0	0	0	0	0	0	0	0
61	150	80	81	63	0	0	0	0	0	0	0	0	0	0	0	0	0	0
62	152	82	72	20	0	0	1428	7	0	0	0	0	0	0	0	0	0	0
63	153	74	83	92	0	0	2550	6	2040	4	0	0	0	0	1768	6	0	0
64	154	78	84	88	0	0	2040	4	918	3	0	0	0	0	1088	4	0	0
65	156	77	85	9	0	0	0	0	0	0	0	0	0	0	0	0	0	0
66	157	83	82	81	0	0	1020	2	0	0	0	0	0	0	408	2	0	0
67	158	86	75	143	0	0	3418	10	4161	11	0	0	0	0	4080	16	0	0
68	159	86	73	34	0	0	0	0	0	0	0	0	0	0	0	0	0	0
69	161	79	85	53	0	0	0	0	0	0	0	0	0	0	0	0	0	0
70	162	84	40	65	0	0	0	0	0	0	0	0	0	0	0	0	0	0
71	164	87	88	91	0	0	0	0	1530	3	0	0	0	0	544	2	0	0
72	165	89	90	121	0	0	2550	5	0	0	0	0	0	0	544	2	0	0
73	166	90	87	94	0	0	0	0	1020	2	0	0	0	0	544	2	0	0
74	167	91	89	104	0	0	0	0	4080	8	0	0	0	0	1088	4	0	0
75	170	88	92	101	0	0	2125	5	2040	4	0	0	0	0	1632	6	0	0
76	172	93	92	144	0	0	1530	3	0	0	0	0	0	0	1428	4	0	0
77	173	94	95	83	0	0	510	1	0	0	0	0	0	0	544	2	0	0
78	174	74	2	154	0	0	3570	7	2907	10	0	0	0	0	2244	9	464	4
79	175	3	96	118	0	0	510	1	510	1	0	0	0	0	204	1	0	0
80	176	96	33	71	0	0	0	0	340	1	0	0	0	0	204	1	320	2
81	177	95	93	57	1428	7	0	0	0	0	0	0	0	0	408	2	0	0
82	178	97	94	204	0	0	3448	9	2040	4	340	1	0	0	1700	7	0	0
83	179	33	97	139	0	0	1020	2	2040	4	1700	1	0	0	1496	6	0	0
84	180	98	92	480	0	0	0	0	0	0	0	0	0	0	0	0	0	0
85	188	101	102	17	0	0	0	0	0	0	0	0	0	0	0	0	0	0
86	189	103	99	77	0	0	0	0	4065	24	0	0	0	0	2210	8	0	0
87	190	104	105	125	0	0	0	0	3755	12	0	0	0	0	1870	4	0	0
88	191	104	101	21	0	0	0	0	0	0	0	0	0	0	0	0	0	0
89	192	99	101	60	0	0	0	0	3418	22	0	0	0	0	1020	2	0	0
90	193	105	106	70	1020	2	2040	4	1020	2	0	0	0	0	1020	2	0	0
91	207	86	107	60	0	0	3485	7	1530	6	0	0	0	0	3026	10	0	0
92	208	107	108	90	0	0	1020	2	0	0	0	0	0	0	1360	6	0	0
93	238	109	10	183	0	0	3922	13	1190	3	0	0	0	0	4250	15	0	0
94	241	110	111	16	0	0	0	0	0	0	0	0	0	0	0	0	0	0
95	242	111	70	102	0	0	0	0	0	0	0	0	0	0	1530	3	0	0
96	245	112	113	131	0	0	1275	3	3264	10	0	0	0	0	1836	9	204	1
97	246	114	115	129	0	0	0	0	3729	13	0	0	0	0	2244	9	0	0
98	251	116	117	105	2550	5	3366	12	510	1	0	0	0	0	5270	9	0	0
99	252	6	118	27	0	0	0	0	0	0	0	0	0	0	0	0	0	0
100	253	106	118	129	0	0	2040	4	3571	13	0	0	1870	1	1938	6	0	0
101	254	119	116	117	2244	5	0	0	0	0	0	0	0	0	1258	4	0	0
102	255	117	103	28	0	0	0	0	0	0	0	0	0	0	0	0	0	0
103	256	120	121	132	0	0	3829	12	2414	3	0	0	0	0	4182	12	408	2
104	257	122	123	32	0	0	0	0	0	0	0	0	0	0	0	0	0	0
105	258	124	125	51	0	0	0	0	0	0	0	0	0	0	0	0	0	0
106	259	124	121	24	0	0	0	0	0	0	0	0	0	0	0	0	0	0
107	260	126	127	112	0	0	3060	7	3009	8	0	0	0	0	2346	8	0	0
108	261	127	90	75	0	0	510	1	0	0	0	0	0	0	408	2	0	0
109	262	128	129	76	4080	8	1020	2	0	0	0	0	0	0	952	4	0	0
110	263	130	120	46	0	0	0	0	0	0	0	0	0	0	0	0	0	0
111	264	125	122	60	0	0	612	3	2312	4	0	0	0	0	408	2	0	0
112	265	123	128	70	0	0	0	0	0	0	0	0	0	0	0	0	0	0
113	266	129	126	95	0	0	1326	5	0	0	0	0	0	0	816	4	0	0
114	267	85	131	228	0	0	3822	29	3264	10	0	0	0	0	4692	19	0	0
115	268	131	130	116	0	0	3905	9	3933	11	0	0	0	0	3672	14	0	0
116	269	132	133	36	0	0	0	0	0	0	0	0	0	0	0	0	0	0
117	270	134	135	35	0	0	0	0	0	0	0	0	0	0	0	0	0	0
118	271	136	137	35	0	0	2856	7	680	2	0	0	0	0	2108	9	0	0
119	273	138	98	25	0	0	3060	6	0	0	0	0	0	0	1054	3	0	0
120	274	26	50	21	0	0	0	0	0	0	0	0	0	0	0	0	0	0
121	275	139	140	57	0	0	0	0	0	0	0	0	0	0	0	0	0	0
122	276	141	142	67	0	0	0	0	0	0	0	0	0	0	0	0	0	0
123	277	55	135	44	0	0	1360	3	0	0	408	2	0	0	408	2	0	0
124	278	76	119	92	0	0	0	0	0	0	0	0	0	0	0	0	0	0
125	279	143	132	39	0	0	1020	2	0	0	0	0	0	0	680	2	0	0
126	280	144	142	7	0	0	0	0	0	0	0	0	0	0	0	0	0	0
127	281	133	136	29	0	0	866	9	0	0	0	0	0	0	408	2	0	0
128	282	145	143	113	0	0	3740	8	0	0	0	0	0	0	1020	2	0	0
129	283	146	50	69	0	0	0	0	0	0	0	0	0	0	0	0	0	0
130	284	26	147	55	0	0	0	0	0	0	0	0	0	0	0	0	0	0
131	285	147	141	74	0	0	4245	13	2550	5	0	0	0	0	2448	10	0	0
132	286	119	62	112	1020	2	1020	2	2040	4	0	0	0	0	1394	4	0	0
133	287	137	138	26	0	0	0	0	0	0	0	0	0	0	0	0	0	0
134	288	146	140	13	0	0	0	0	0	0	0	0	0	0	0	0	0	0
135	289	144	145	82	0	0	0	0	0	0	0	0	0	0	0	0	0	0
136	290	134	139	74	0	0	2125	5	0	0	0	0	0	0	680	2	0	0
137	291	62	55	59	0	0	3570	7	510	1	0	0	0	0	1428	5	0	0
138	294	129	149	81	0	0	3060	6	4117	12	340	1	0	0	2108	9	0	0
139	295	149	150	35	0	0	0	0	1054	3	0	0	0	0	612	3	0	0
140	297	151	148	40	0	0	0	0	0	0	0	0	0	0	0	0	0	0
141	298	152	153	36	0	0	0	0	0	0	0	0	0	0	0	0	0	0
142	299	149	35	59	0	0	3561	9	1377	4	850	2	0	0	1632	5	232	2
143	300	153	129	101	0	0	2550	5	0	0	0	0	0	0	1020	2	0	0
144	301	35	95	145	0	0	2448	6	0	0	0	0	0	0	1258	4	0	0
145	302	151	152	100	0	0	0	0	0	0	0	0	0	0	0	0	0	0
146	303	154	155	64	0	0	850	2	0	0	0	0	0	0	0	0	0	0
147	304	156	157	59	0	0	0	0	0	0	0	0	0	0	0	0	0	0
148	305	158	159	35	0	0	1224	3	0	0	0	0	0	0	544	2	0	0
149	306	154	156	34	0	0	0	0	0	0	0	0	0	0	0	0	0	0
150	307	157	97	185	0	0	0	0	0	0	0	0	0	0	0	0	0	0
151	308	160	97	88	1020	2	1530	3	204	1	0	0	0	0	1802	6	0	0
152	309	124	159	101	0	0	3944	21	0	0	0	0	0	0	1564	5	0	0
153	314	161	162	116	0	0	0	0	2737	16	0	0	0	0	3264	16	436	3
154	318	163	164	203	0	0	1275	3	5113	40	0	0	0	0	4930	41	3260	26
155	319	164	165	252	0	0	0	0	4131	26	0	0	0	0	5100	25	2508	19
156	323	166	167	109	0	0	2040	4	0	0	0	0	0	0	2278	6	0	0
157	324	168	169	109	0	0	2040	4	3979	12	1190	3	0	0	3332	10	0	0
158	325	170	171	53	3986	10	0	0	1530	3	0	0	0	0	2652	9	0	0
159	326	172	173	76	0	0	0	0	3060	6	0	0	0	0	1088	4	0	0
160	327	174	175	77	0	0	2550	5	0	0	0	0	0	0	1020	2	0	0
161	328	176	177	225	0	0	3729	17	1734	4	0	0	0	0	7072	19	0	0
162	329	146	178	242	0	0	714	2	612	3	0	0	1700	1	6954	19	0	0
163	330	11	179	86	0	0	1054	3	0	0	0	0	0	0	204	1	0	0
164	331	13	180	208	0	0	3810	43	0	0	0	0	0	0	3264	8	0	0
165	332	7	181	44	3570	7	1020	2	2040	4	0	0	0	0	1938	5	0	0
166	335	182	102	261	3060	6	1020	2	3514	14	1870	1	0	0	3502	12	0	0
167	336	183	182	90	2550	5	0	0	340	1	0	0	0	0	0	0	0	0
168	337	102	104	16	0	0	0	0	1020	2	0	0	0	0	0	0	0	0
169	338	135	183	110	0	0	3060	6	510	1	0	0	0	0	850	2	0	0
170	340	60	116	96	0	0	0	0	0	0	0	0	0	0	408	2	0	0
171	342	184	103	86	0	0	2040	4	748	3	0	0	0	0	680	2	0	0
172	343	185	106	76	0	0	1275	3	0	0	0	0	0	0	544	2	0	0
173	344	186	187	111	0	0	3570	7	0	0	918	3	0	0	1054	3	0	0
174	345	188	187	144	0	0	3570	7	3400	7	0	0	0	0	3876	12	0	0
175	346	189	188	43	0	0	0	0	0	0	0	0	0	0	0	0	0	0
176	347	190	191	96	0	0	0	0	1785	10	0	0	0	0	1836	9	1408	9
177	348	192	193	138	510	1	2040	4	4027	19	0	0	0	0	3672	10	408	2
178	349	194	195	151	0	0	0	0	0	0	0	0	0	0	850	2	0	0
179	350	196	197	221	0	0	2040	4	6936	23	0	0	0	0	3536	16	1388	11
180	354	107	198	163	0	0	1530	3	4974	24	0	0	0	0	3060	15	1372	8
181	356	199	77	238	4080	8	3521	15	4434	27	510	1	0	0	2958	11	116	1
182	357	200	78	253	0	0	3751	12	7511	17	0	0	0	0	4352	18	436	3
183	358	201	84	271	0	0	3567	25	3519	28	3400	2	0	0	7584	39	0	0
184	359	202	83	307	0	0	3661	32	3737	34	204	1	0	0	8568	29	1324	9
185	360	203	148	175	0	0	1870	4	0	0	0	0	0	0	680	2	0	0
186	361	151	204	172	0	0	0	0	0	0	0	0	0	0	0	0	0	0
187	362	205	57	205	3570	7	4133	62	340	1	1564	4	0	0	4930	10	0	0
188	363	73	206	148	1530	3	3060	15	0	0	1700	1	0	0	1156	5	0	0
189	364	207	208	68	0	0	0	0	4258	15	0	0	0	0	2652	8	0	0
190	365	83	209	152	0	0	4151	13	3485	9	0	0	0	0	3638	12	0	0
191	366	210	211	50	0	0	0	0	1190	5	0	0	0	0	816	4	712	6
192	367	158	160	81	0	0	3570	7	0	0	0	0	0	0	1530	3	0	0
193	379	58	43	128	510	1	2040	4	1530	6	0	0	0	0	408	2	0	0
194	382	212	201	67	0	0	0	0	1530	3	0	0	0	0	408	2	0	0
195	383	202	213	25	0	0	0	0	0	0	0	0	0	0	0	0	0	0
196	384	214	215	46	0	0	2040	4	425	1	0	0	0	0	408	2	0	0
197	387	216	200	61	0	0	0	0	1020	2	0	0	0	0	544	2	0	0
198	388	41	213	70	0	0	3060	6	0	0	0	0	0	0	850	2	0	0
199	389	216	199	13	0	0	0	0	0	0	0	0	0	0	0	0	0	0
200	390	212	200	17	0	0	0	0	0	0	0	0	0	0	0	0	0	0
201	391	196	217	51	0	0	0	0	0	0	0	0	0	0	0	0	0	0
202	392	196	215	14	0	0	0	0	0	0	0	0	0	0	0	0	0	0
203	393	202	214	42	0	0	850	2	0	0	0	0	0	0	408	2	0	0
204	395	201	41	70	0	0	0	0	0	0	0	0	0	0	0	0	0	0
205	396	217	58	136	0	0	1020	2	0	0	0	0	0	0	0	0	0	0
206	409	109	218	202	0	0	1020	2	850	2	0	0	0	0	0	0	0	0
207	410	9	109	58	0	0	0	0	0	0	0	0	0	0	0	0	0	0
208	413	218	219	120	0	0	714	2	510	1	0	0	0	0	1852	5	0	0
209	426	84	220	228	0	0	0	0	5089	26	0	0	0	0	4726	21	1424	12
210	427	221	160	202	2040	10	2040	4	1275	3	0	0	0	0	2754	7	0	0
211	428	79	222	106	0	0	3740	8	7375	16	0	0	0	0	1904	8	0	0
212	429	123	223	135	2380	5	2550	5	2890	6	0	0	0	0	2890	10	0	0
213	430	91	224	220	0	0	4214	16	3060	6	0	0	0	0	4386	14	0	0
214	431	225	203	70	0	0	0	0	0	0	0	0	0	0	0	0	0	0
215	432	204	226	62	0	0	0	0	0	0	0	0	0	0	0	0	0	0
216	435	227	228	106	0	0	0	0	4794	11	0	0	0	0	3400	10	232	2
217	436	229	230	89	0	0	0	0	4226	15	0	0	0	0	2278	7	0	0
218	440	233	234	80	0	0	1530	3	2907	8	0	0	0	0	816	4	0	0
219	441	235	236	90	0	0	0	0	2890	6	0	0	0	0	1156	5	544	2
220	442	0	237	74	0	0	0	0	3672	10	0	0	0	0	0	0	0	0
221	443	127	238	110	612	3	3468	14	2040	4	0	0	0	0	2108	9	0	0
222	444	78	239	228	0	0	3445	13	4488	18	1700	1	0	0	5302	24	1796	13
223	445	87	240	166	0	0	1360	3	3705	19	0	0	0	0	4998	19	232	2
224	446	241	128	132	0	0	2295	5	1360	3	0	0	0	0	1360	4	0	0
225	447	94	241	158	1020	2	3464	17	0	0	0	0	0	0	1700	7	0	0
226	448	122	242	132	0	0	3537	29	0	0	0	0	0	0	7786	23	0	0
227	449	243	244	259	0	0	4049	10	4702	21	0	0	0	0	3944	18	2068	16
228	450	132	245	46	0	0	3060	6	3549	9	0	0	0	0	3060	10	0	0
229	451	246	247	259	4157	17	0	0	0	0	0	0	0	0	3400	7	0	0
230	452	248	142	26	0	0	0	0	0	0	0	0	0	0	0	0	0	0
231	453	31	246	131	4080	8	0	0	0	0	0	0	0	0	2040	4	0	0
232	454	249	247	99	4080	8	0	0	0	0	0	0	0	0	2890	6	0	0
233	455	247	248	56	3760	9	1530	3	0	0	0	0	0	0	2108	6	0	0
234	456	30	249	131	3060	6	0	0	0	0	0	0	0	0	0	0	0	0
235	457	246	249	11	0	0	0	0	0	0	0	0	0	0	0	0	0	0
236	458	250	154	229	0	0	3685	15	3570	7	0	0	0	0	6392	21	0	0
237	459	251	250	56	0	0	1870	4	119	1	0	0	0	0	408	2	0	0
238	460	250	252	59	0	0	0	0	0	0	0	0	0	0	0	0	0	0
239	461	253	156	296	0	0	3699	17	4022	15	1870	1	0	0	7140	26	0	0
240	462	32	254	97	0	0	0	0	4076	11	0	0	0	0	2226	7	0	0
241	463	140	32	32	0	0	0	0	1700	1	0	0	0	0	0	0	0	0
242	468	255	67	119	0	0	0	0	1394	7	0	0	0	0	1428	7	704	6
243	519	110	71	59	0	0	510	1	0	0	0	0	0	0	0	0	0	0
244	520	6	256	230	3060	6	4253	77	2040	4	4760	5	0	0	6392	15	0	0
245	522	256	110	18	0	0	0	0	0	0	0	0	0	0	0	0	0	0
246	536	257	258	56	0	0	0	0	0	0	0	0	0	0	0	0	0	0
247	537	257	259	64	0	0	2125	5	1530	3	816	4	0	0	544	2	0	0
248	539	260	261	79	0	0	4036	11	0	0	0	0	0	0	2958	8	0	0
249	540	261	262	116	0	0	4202	10	0	0	510	1	0	0	1054	3	0	0
250	541	163	263	23	0	0	0	0	0	0	0	0	0	0	0	0	0	0
251	543	182	264	235	0	0	510	1	0	0	0	0	0	0	0	0	0	0
252	547	265	252	55	0	0	0	0	0	0	0	0	0	0	0	0	0	0
253	548	252	155	236	1530	3	3938	10	3626	19	0	0	0	0	8060	26	0	0
254	551	3	266	158	0	0	2550	5	0	0	510	1	0	0	510	1	0	0
255	566	267	268	232	0	0	0	0	0	0	0	0	0	0	0	0	0	0
256	567	61	183	77	0	0	0	0	0	0	0	0	0	0	0	0	0	0
257	570	269	270	387	1530	3	2380	5	3060	6	2720	3	0	0	1020	2	0	0
258	597	271	272	6	0	0	0	0	0	0	0	0	0	0	0	0	0	0
259	601	145	273	112	0	0	3767	12	0	0	0	0	0	0	2108	9	0	0
260	602	274	275	73	0	0	3522	9	510	1	0	0	0	0	1224	4	0	0
261	603	273	260	80	0	0	3976	14	1445	3	1020	2	0	0	1836	7	0	0
262	604	276	66	94	0	0	4242	21	1870	6	3060	5	0	0	2244	8	408	2
263	605	277	258	29	0	0	0	0	0	0	0	0	0	0	0	0	0	0
264	606	168	177	33	0	0	0	0	0	0	0	0	0	0	0	0	0	0
265	607	261	274	25	0	0	0	0	0	0	0	0	0	0	0	0	0	0
266	608	278	168	45	0	0	0	0	0	0	0	0	0	0	0	0	0	0
267	609	177	279	71	0	0	3400	7	0	0	0	0	0	0	1802	6	0	0
268	610	278	166	32	0	0	0	0	0	0	0	0	0	0	0	0	0	0
269	612	275	257	14	0	0	0	0	0	0	0	0	0	0	0	0	0	0
270	613	277	166	47	0	0	0	0	0	0	0	0	0	0	0	0	0	0
271	614	280	276	88	0	0	3420	24	561	3	2550	4	0	0	816	4	0	0
272	615	66	281	25	0	0	0	0	0	0	0	0	0	0	0	0	0	0
273	619	19	282	94	0	0	0	0	5100	6	0	0	0	0	408	2	0	0
274	620	282	163	114	0	0	2890	6	1972	8	408	2	0	0	2380	11	640	4
275	621	279	19	54	0	0	0	0	0	0	0	0	0	0	0	0	0	0
276	622	263	280	68	0	0	0	0	0	0	0	0	0	0	0	0	0	0
277	623	14	283	201	0	0	3060	6	3454	10	0	0	0	0	3740	12	0	0
278	624	284	283	43	0	0	1530	3	0	0	0	0	0	0	236	2	0	0
279	625	139	264	184	0	0	3876	14	119	1	0	0	0	0	2958	10	0	0
280	626	285	286	23	0	0	0	0	0	0	0	0	0	0	0	0	0	0
281	627	286	287	90	0	0	1530	3	0	0	0	0	0	0	408	2	0	0
282	628	288	285	73	0	0	0	0	0	0	0	0	0	0	1020	2	0	0
283	629	289	271	4	0	0	0	0	0	0	0	0	0	0	0	0	0	0
284	630	286	290	74	0	0	0	0	0	0	0	0	0	0	0	0	0	0
285	631	170	291	68	0	0	3570	7	663	2	0	0	0	0	1700	4	0	0
286	632	292	170	78	1632	8	0	0	0	0	0	0	0	0	0	0	0	0
287	633	290	292	74	1020	2	0	0	0	0	0	0	0	0	680	2	0	0
288	634	264	288	50	0	0	0	0	2023	6	0	0	0	0	1020	3	0	0
289	635	114	112	97	0	0	306	2	2091	9	0	0	0	0	2244	11	464	4
290	636	293	114	135	0	0	0	0	2380	8	0	0	0	0	1632	8	1316	9
291	637	283	294	127	0	0	680	2	2074	5	0	0	0	0	1496	6	0	0
292	638	112	289	85	0	0	0	0	1054	5	0	0	0	0	816	4	592	5
293	639	291	14	63	0	0	0	0	0	0	0	0	0	0	0	0	0	0
294	640	63	294	21	0	0	0	0	0	0	0	0	0	0	0	0	0	0
295	641	295	293	14	0	0	0	0	0	0	0	0	0	0	0	0	0	0
296	642	293	63	25	0	0	0	0	0	0	0	0	0	0	0	0	0	0
297	643	294	295	29	0	0	0	0	0	0	0	0	0	0	0	0	0	0
298	648	263	255	307	0	0	0	0	833	3	0	0	0	0	408	2	472	4
299	649	296	272	73	0	0	0	0	510	3	0	0	0	0	408	2	232	2
300	650	255	297	82	0	0	0	0	119	1	0	0	0	0	204	1	0	0
301	652	297	161	71	0	0	0	0	0	0	0	0	0	0	204	1	116	1
302	655	161	296	112	0	0	0	0	833	5	0	0	0	0	816	4	1036	8
303	656	298	271	256	0	0	0	0	4080	19	0	0	0	0	3502	15	944	8
304	664	163	298	407	0	0	4119	16	3570	7	0	0	0	0	3978	9	0	0
305	674	299	300	33	0	0	0	0	0	0	0	0	0	0	0	0	0	0
306	678	301	300	12	0	0	0	0	0	0	0	0	0	0	0	0	0	0
307	679	268	299	63	0	0	1224	6	0	0	0	0	0	0	3060	6	0	0
308	680	301	21	70	0	0	0	0	2040	4	0	0	0	0	544	2	0	0
309	704	9	302	338	4227	19	4080	22	2040	4	0	0	0	0	5440	14	0	0
310	715	93	303	102	0	0	3952	15	4284	9	0	0	0	0	2448	10	408	2
311	716	304	303	19	0	0	0	0	0	0	0	0	0	0	0	0	0	0
312	717	304	88	165	0	0	4174	11	4186	15	0	0	0	0	4164	15	408	2
313	722	305	306	50	1428	4	0	0	2380	5	0	0	0	0	952	4	0	0
314	725	306	307	77	2040	4	0	0	0	0	816	4	0	0	408	2	0	0
315	733	43	308	266	0	0	2550	5	4646	38	0	0	0	0	3876	11	0	0
316	735	308	307	177	0	0	3426	9	2040	4	0	0	0	0	2754	8	0	0
317	834	218	256	264	0	0	3966	28	3060	6	0	0	0	0	4590	14	0	0
318	936	64	115	153	0	0	3479	12	850	2	0	0	0	0	1258	4	0	0
319	937	115	113	95	0	0	0	0	0	0	0	0	0	0	0	0	0	0
320	938	309	310	70	3899	10	0	0	0	0	0	0	0	0	0	0	0	0
321	939	23	309	144	3741	16	0	0	0	0	1530	3	0	0	2040	4	0	0
322	940	309	20	51	0	0	0	0	0	0	0	0	0	0	0	0	0	0
323	958	281	311	181	0	0	0	0	1802	11	0	0	0	0	3162	11	952	8
324	959	68	311	82	0	0	0	0	1734	6	0	0	0	0	1224	6	0	0
325	960	297	68	118	0	0	0	0	2397	13	0	0	0	0	1836	9	1064	9
326	962	295	298	192	0	0	0	0	4318	13	0	0	0	0	2380	11	232	2
327	963	297	298	15	0	0	0	0	0	0	0	0	0	0	0	0	0	0
328	976	162	68	70	0	0	0	0	153	1	0	0	0	0	204	1	0	0
329	978	312	64	193	0	0	0	0	0	0	0	0	0	0	0	0	0	0
330	980	12	313	70	1700	4	0	0	0	0	0	0	0	0	544	2	0	0
331	981	313	312	179	1020	2	0	0	0	0	0	0	0	0	0	0	0	0
332	986	276	314	220	0	0	1360	4	5806	49	0	0	0	0	6784	52	2696	22
333	992	315	316	122	0	0	3712	13	0	0	1870	1	0	0	2278	6	0	0
334	996	316	15	151	1632	8	3715	25	0	0	0	0	1700	1	5388	12	0	0
335	997	15	317	99	0	0	3774	8	0	0	0	0	0	0	1088	4	0	0
336	998	318	315	360	0	0	3421	42	4414	27	1258	4	0	0	8384	40	232	2
337	999	317	165	113	0	0	0	0	0	0	0	0	0	0	0	0	0	0
338	1000	138	318	144	0	0	4319	30	3893	9	0	0	0	0	2822	11	408	2
339	1008	319	317	255	0	0	3770	29	153	1	0	0	0	0	5814	13	232	2
340	1010	282	319	187	0	0	3858	18	2856	18	0	0	0	0	8160	29	1660	14
341	1011	320	321	79	0	0	0	0	323	2	0	0	0	0	612	3	712	6
342	1017	280	320	210	0	0	0	0	4486	39	0	0	0	0	4230	38	3408	28
343	1021	164	320	88	0	0	0	0	1020	8	0	0	0	0	1632	8	756	5
344	1022	320	314	90	0	0	0	0	1292	8	0	0	0	0	1632	8	592	5
345	1023	319	164	114	0	0	0	0	2482	18	0	0	0	0	3468	17	1424	12
346	1024	66	322	41	2550	5	0	0	850	2	0	0	0	0	884	3	232	2
347	1034	323	267	70	1020	2	0	0	0	0	0	0	0	0	4590	9	0	0
348	1035	258	324	109	0	0	4049	10	1870	1	510	1	0	0	3604	9	0	0
349	1036	325	326	95	0	0	3448	10	1020	2	0	0	0	0	2958	9	0	0
350	1037	327	324	4	0	0	0	0	0	0	0	0	0	0	0	0	0	0
351	1038	315	323	89	4080	8	0	0	0	0	0	0	0	0	0	0	0	0
352	1039	326	315	107	0	0	0	0	0	0	0	0	0	0	0	0	0	0
353	1040	327	325	85	0	0	0	0	1020	2	0	0	0	0	322	2	0	0
354	1041	328	329	35	0	0	0	0	0	0	0	0	0	0	0	0	0	0
355	1042	323	330	97	0	0	0	0	510	1	0	0	0	0	0	0	0	0
356	1043	330	329	145	2040	4	0	0	850	2	0	0	0	0	680	2	0	0
357	1044	299	329	34	0	0	0	0	0	0	0	0	0	0	0	0	0	0
358	1046	331	332	86	510	1	3570	7	119	1	0	0	0	0	1360	3	0	0
359	1047	16	331	84	2040	4	3570	7	1020	2	0	0	0	0	1428	4	0	0
360	1048	332	333	25	0	0	3570	13	850	2	0	0	0	0	2720	3	0	0
361	1049	333	330	25	0	0	0	0	0	0	0	0	0	0	0	0	0	0
362	1050	328	300	35	0	0	0	0	0	0	0	0	0	0	0	0	0	0
363	1051	331	328	118	0	0	2856	8	0	0	0	0	0	0	1190	3	0	0
364	1052	137	334	151	0	0	3060	6	1836	5	0	0	0	0	3366	13	472	4
365	1053	334	326	338	0	0	2040	4	5670	33	0	0	0	0	5440	23	2116	15
366	1055	335	336	47	0	0	0	0	0	0	3740	2	0	0	748	3	0	0
367	1057	326	335	57	0	0	0	0	0	0	0	0	0	0	0	0	0	0
368	1058	337	8	229	0	0	3060	6	3935	16	0	0	0	0	5848	12	408	2
369	1060	338	325	336	0	0	510	1	7370	49	0	0	0	0	8942	41	4840	35
370	1061	325	337	56	0	0	1224	6	816	4	1870	1	0	0	1088	4	0	0
371	1062	133	338	140	0	0	1530	3	4064	17	0	0	0	0	3876	15	640	4
372	1063	262	327	177	0	0	4158	25	0	0	0	0	0	0	6698	17	0	0
373	1064	143	262	285	0	0	3605	43	3530	11	0	0	0	0	7352	34	0	0
374	1065	324	167	75	0	0	3570	7	0	0	0	0	0	0	1530	4	0	0
375	1066	167	169	77	0	0	3515	9	0	0	1360	3	0	0	1190	3	0	0
376	1067	169	17	142	0	0	4225	9	4108	14	0	0	0	0	2584	10	0	0
377	1068	292	173	181	0	0	3429	34	2193	10	0	0	0	0	6562	20	0	0
378	1069	339	175	25	0	0	0	0	0	0	0	0	0	0	0	0	0	0
379	1070	173	339	26	0	0	0	0	1870	1	0	0	0	0	0	0	0	0
380	1071	175	278	202	0	0	3428	12	2669	6	0	0	0	0	6800	14	0	0
381	1072	291	340	211	3743	11	0	0	3754	17	510	1	0	0	5338	14	0	0
382	1073	340	279	225	1530	3	4082	19	4507	18	1870	1	0	0	7038	22	408	2
383	1074	340	18	60	1020	2	0	0	0	0	0	0	0	0	544	2	0	0
384	1075	339	176	79	0	0	0	0	0	0	0	0	0	0	1870	4	0	0
385	1076	176	340	68	0	0	0	0	0	0	0	0	0	0	0	0	0	0
386	1077	172	38	11	0	0	0	0	0	0	0	0	0	0	0	0	0	0
387	1078	290	172	179	2720	10	3494	18	1700	4	0	0	0	0	4896	14	0	0
388	1079	38	174	40	0	0	0	0	0	0	0	0	0	0	0	0	0	0
389	1080	174	277	201	0	0	3411	29	4223	11	0	0	0	0	5100	15	0	0
390	1081	49	341	74	0	0	0	0	3590	14	0	0	0	0	850	2	0	0
391	1082	49	47	6	0	0	0	0	0	0	0	0	0	0	0	0	0	0
392	1083	288	178	60	0	0	0	0	0	0	0	0	0	0	0	0	0	0
393	1084	178	47	70	0	0	3958	16	0	0	0	0	0	0	3876	11	0	0
394	1085	275	44	219	0	0	0	0	0	0	3060	6	3400	2	1020	2	0	0
395	1086	342	343	72	0	0	0	0	0	0	0	0	0	0	0	0	0	0
396	1087	274	342	74	0	0	2550	5	0	0	0	0	0	0	884	3	0	0
397	1088	343	341	74	0	0	1530	3	0	0	0	0	0	0	1530	3	0	0
398	1089	334	318	65	510	1	0	0	510	1	0	0	0	0	748	3	544	2
399	1090	338	334	65	0	0	0	0	1020	2	0	0	0	0	204	1	0	0
400	1091	344	345	195	0	0	3451	19	1870	1	0	0	0	0	3434	12	0	0
401	1092	22	344	13	0	0	0	0	0	0	0	0	0	0	0	0	0	0
402	1093	292	180	82	0	0	3315	10	7610	30	3400	7	0	0	340	1	0	0
403	1094	180	345	75	0	0	0	0	4197	42	6630	13	0	0	0	0	0	0
404	1095	346	347	60	2550	5	0	0	3485	7	0	0	0	0	1972	6	0	0
405	1096	347	105	93	0	0	1530	3	2040	4	0	0	0	0	2278	6	0	0
406	1097	192	270	72	1632	8	0	0	1836	9	0	0	0	0	408	2	0	0
407	1098	270	9	156	0	0	3417	9	4024	26	1802	6	0	0	4080	13	0	0
408	1099	348	346	96	1530	3	0	0	3890	19	340	1	0	0	3230	11	204	1
409	1100	348	100	25	0	0	0	0	0	0	0	0	0	0	0	0	0	0
410	1101	76	184	258	3449	10	2448	9	3509	10	1020	2	0	0	3230	7	0	0
411	1102	184	100	77	0	0	0	0	0	0	0	0	0	0	0	0	0	0
412	1103	347	192	23	0	0	2550	5	0	0	0	0	0	0	0	0	0	0
413	1104	188	349	112	0	0	0	0	4243	14	0	0	0	0	1904	8	0	0
414	1105	350	351	44	0	0	0	0	510	1	0	0	0	0	544	2	0	0
415	1106	43	350	151	0	0	3910	8	4420	11	0	0	0	0	1632	6	0	0
416	1107	350	188	111	0	0	2550	5	510	1	0	0	0	0	1394	4	0	0
417	1108	189	352	112	0	0	1224	6	3910	8	0	0	0	0	2142	6	0	0
418	1109	351	189	19	0	0	0	0	0	0	0	0	0	0	0	0	0	0
419	1110	352	76	77	0	0	450	7	1530	3	0	0	0	0	544	2	0	0
420	1111	353	186	99	612	3	3230	14	0	0	1530	3	0	0	1632	6	0	0
421	1112	353	354	67	0	0	3978	12	0	0	0	0	0	0	1360	3	0	0
422	1113	352	349	39	0	0	0	0	0	0	0	0	0	0	0	0	0	0
423	1114	349	353	40	0	0	2040	4	0	0	0	0	0	0	1088	4	0	0
424	1115	355	100	149	0	0	2040	4	3400	2	1700	1	0	0	544	2	0	0
425	1116	186	355	44	0	0	0	0	0	0	0	0	0	0	0	0	0	0
426	1117	348	191	76	0	0	0	0	204	1	0	0	0	0	0	0	0	0
427	1118	190	356	152	0	0	0	0	2839	15	0	0	0	0	2244	11	1544	13
428	1119	346	190	98	0	0	0	0	4896	14	0	0	0	0	2108	9	668	5
429	1121	217	357	265	0	0	0	0	5012	29	0	0	0	0	4198	21	1748	14
430	1122	358	195	82	0	0	4080	8	1547	5	0	0	0	0	2482	7	0	0
431	1123	195	357	53	0	0	0	0	204	1	0	0	0	0	204	1	204	1
432	1124	308	358	126	0	0	2040	10	1003	3	0	0	0	0	748	3	232	2
433	1125	194	358	77	0	0	425	1	0	0	0	0	0	0	408	2	0	0
434	1126	359	194	74	0	0	4147	14	0	0	1700	1	0	0	4080	13	0	0
435	1142	205	360	101	0	0	1700	7	1224	3	0	0	0	0	1836	6	640	4
436	1143	215	205	97	0	0	1020	2	2448	6	0	0	0	0	1802	6	0	0
437	1144	360	82	127	0	0	1173	4	3791	9	0	0	0	0	1972	9	408	2
438	1145	360	108	97	0	0	2754	9	1020	5	0	0	0	0	408	2	0	0
439	1146	108	59	111	0	0	1445	10	1700	1	0	0	0	0	408	2	0	0
440	1147	59	351	139	0	0	816	4	4236	12	0	0	0	0	3910	14	0	0
441	1148	209	210	56	0	0	4080	8	204	1	714	2	0	0	850	2	0	0
442	1149	361	119	101	0	0	3060	6	3060	6	0	0	0	0	1700	4	0	0
443	1150	210	206	83	0	0	2040	4	0	0	0	0	0	0	0	0	0	0
444	1151	207	206	3	0	0	0	0	0	0	0	0	0	0	0	0	0	0
445	1152	2	209	96	0	0	3420	15	0	0	0	0	0	0	3298	12	0	0
446	1153	207	56	101	0	0	2091	9	578	2	0	0	0	0	1020	5	0	0
447	1154	56	362	82	0	0	4112	10	2550	5	0	0	0	0	2210	6	0	0
448	1155	361	362	38	0	0	0	0	0	0	0	0	0	0	0	0	0	0
449	1156	75	362	118	3060	6	0	0	1870	4	0	0	0	0	1462	5	0	0
450	1157	362	363	98	510	1	0	0	884	5	0	0	0	0	1224	6	824	7
451	1158	363	53	128	0	0	0	0	3196	12	0	0	0	0	2244	11	2456	20
452	1159	147	364	156	0	0	2040	4	0	0	0	0	0	0	3264	8	0	0
453	1160	44	341	73	0	0	0	0	0	0	1700	1	0	0	0	0	0	0
454	1161	364	341	107	0	0	0	0	0	0	0	0	0	0	0	0	0	0
455	1162	260	365	78	0	0	3060	6	0	0	1020	2	0	0	510	1	0	0
456	1163	364	48	73	0	0	0	0	6338	21	0	0	0	0	2890	6	0	0
457	1164	366	364	74	0	0	1020	2	0	0	0	0	0	0	4420	9	0	0
458	1165	365	366	73	0	0	510	1	0	0	0	0	0	0	1870	4	0	0
459	1166	141	366	165	0	0	1020	2	612	3	2380	5	0	0	1530	3	0	0
460	1167	366	343	108	0	0	0	0	0	0	0	0	0	0	0	0	0	0
461	1168	144	365	176	0	0	4054	20	0	0	3400	2	0	0	2380	6	0	0
462	1169	365	342	109	0	0	2040	4	4080	8	2805	1	0	0	1240	5	0	0
463	1170	363	361	141	2890	6	4247	17	510	1	1700	1	0	0	3910	15	340	1
464	1171	361	367	63	0	0	3774	8	1360	3	0	0	0	0	1904	8	0	0
465	1172	220	368	66	0	0	0	0	714	2	0	0	0	0	408	2	624	2
466	1173	368	369	51	0	0	0	0	816	5	0	0	0	0	1020	5	676	5
467	1174	3	220	111	0	0	1530	3	2550	7	1700	1	0	0	1632	5	472	4
468	1175	368	239	21	0	0	0	0	918	3	0	0	0	0	408	2	640	4
469	1176	239	131	88	0	0	0	0	3502	11	0	0	0	0	2040	8	880	6
470	1177	370	130	99	1275	3	1870	4	2754	6	0	0	0	0	1292	5	0	0
471	1178	96	370	201	0	0	510	1	5414	19	0	0	0	0	2974	15	2472	14
472	1179	221	159	83	1020	2	0	0	2720	6	0	0	0	0	2244	6	0	0
473	1180	370	221	125	3485	11	3715	23	918	3	0	0	0	0	5576	16	0	0
474	1181	371	372	106	0	0	0	0	4179	13	0	0	0	0	1088	4	408	2
475	1182	373	374	76	0	0	0	0	1530	3	0	0	0	0	204	1	232	2
476	1183	375	373	61	0	0	0	0	1020	2	0	0	0	0	544	2	0	0
477	1184	374	124	95	0	0	3060	6	4004	10	0	0	0	0	2924	8	0	0
478	1185	376	375	32	0	0	0	0	0	0	0	0	0	0	0	0	0	0
479	1186	377	376	69	0	0	0	0	0	0	0	0	0	0	0	0	0	0
480	1187	232	378	65	0	0	0	0	0	0	0	0	0	0	0	0	0	0
481	1188	372	379	62	0	0	0	0	0	0	0	0	0	0	0	0	0	0
482	1189	379	378	108	0	0	0	0	0	0	0	0	0	0	0	0	0	0
483	1190	378	380	18	0	0	0	0	0	0	0	0	0	0	0	0	0	0
484	1191	380	376	39	0	0	0	0	0	0	0	0	0	0	0	0	0	0
485	1192	379	232	12	0	0	0	0	0	0	0	0	0	0	0	0	0	0
486	1193	380	381	81	0	0	3473	19	0	0	0	0	0	0	3910	9	0	0
487	1194	377	380	32	0	0	0	0	0	0	0	0	0	0	0	0	0	0
488	1195	382	377	92	0	0	3060	6	0	0	0	0	0	0	1598	5	0	0
489	1196	235	383	35	0	0	1530	3	0	0	0	0	0	0	0	0	0	0
490	1197	384	0	40	0	0	0	0	1564	4	0	0	0	0	408	2	0	0
491	1198	229	385	21	0	0	0	0	0	0	0	0	0	0	0	0	0	0
492	1199	229	372	73	3570	7	0	0	0	0	0	0	0	0	1700	4	0	0
493	1200	372	233	66	0	0	0	0	0	0	0	0	0	0	0	0	0	0
494	1204	227	385	53	0	0	2890	6	340	1	0	0	0	0	1394	4	0	0
495	1205	383	233	35	0	0	0	0	0	0	0	0	0	0	0	0	0	0
496	1206	384	235	30	0	0	0	0	0	0	0	0	0	0	0	0	0	0
497	1207	231	382	106	0	0	1530	3	0	0	0	0	0	0	680	2	0	0
498	1208	386	387	77	0	0	0	0	1870	4	0	0	0	0	544	2	0	0
499	1209	388	389	58	0	0	0	0	4250	12	0	0	0	0	816	4	0	0
500	1210	387	120	90	0	0	2550	5	3060	4	0	0	0	0	1700	7	472	4
501	1211	385	231	60	0	0	1224	8	2040	4	0	0	0	0	1734	5	0	0
502	1212	388	382	7	0	0	0	0	0	0	0	0	0	0	0	0	0	0
503	1213	389	386	54	0	0	510	1	2193	5	0	0	0	0	798	3	0	0
504	1214	386	373	129	0	0	1530	3	3604	8	0	0	0	0	2312	10	0	0
505	1215	81	386	391	0	0	0	0	5514	62	340	1	0	0	7956	37	3696	20
506	1216	387	374	130	0	0	1275	3	4106	19	0	0	0	0	4624	18	0	0
507	1217	80	387	391	0	0	4369	30	5352	37	0	0	0	0	8446	46	524	3
508	1218	375	390	81	0	0	0	0	0	0	0	0	0	0	0	0	0	0
509	1219	389	375	127	0	0	510	1	1989	7	0	0	0	0	1156	5	640	4
510	1220	383	225	114	0	0	3661	23	510	1	0	0	0	0	5032	13	0	0
511	1221	226	381	59	0	0	0	0	0	0	0	0	0	0	0	0	0	0
512	1222	226	390	13	0	0	0	0	0	0	0	0	0	0	0	0	0	0
513	1223	225	381	6	0	0	0	0	0	0	0	0	0	0	0	0	0	0
514	1224	390	391	83	0	0	2652	7	0	0	0	0	0	0	1020	2	0	0
515	1226	391	125	136	0	0	3637	18	3060	6	1530	3	0	0	4318	12	0	0
516	1227	223	392	32	0	0	0	0	0	0	0	0	0	0	0	0	0	0
517	1228	392	391	63	0	0	3060	6	0	0	0	0	0	0	3094	9	0	0
518	1229	223	152	139	1020	2	2040	4	0	0	0	0	0	0	544	2	0	0
519	1230	384	203	115	0	0	0	0	3400	7	3570	2	0	0	1496	6	0	0
520	1231	204	203	44	0	0	0	0	0	0	0	0	0	0	0	0	0	0
521	1232	204	392	99	0	0	0	0	0	0	0	0	0	0	0	0	0	0
522	1233	393	388	122	0	0	2550	5	3526	21	0	0	0	0	5032	20	232	2
523	1236	394	393	98	0	0	0	0	0	0	0	0	0	0	0	0	0	0
524	1238	395	394	56	1020	3	1530	3	0	0	0	0	0	0	544	2	0	0
525	1239	224	396	34	0	0	1530	3	0	0	0	0	0	0	544	2	0	0
526	1240	396	153	99	0	0	3807	16	816	4	0	0	0	0	1530	3	0	0
527	1241	89	238	102	1530	3	2890	6	4012	10	0	0	0	0	3264	11	0	0
528	1242	238	224	80	0	0	4182	13	0	0	1700	1	0	0	2924	11	0	0
529	1243	240	304	90	0	0	0	0	0	0	0	0	0	0	0	0	0	0
530	1244	126	240	78	0	0	3554	23	1887	8	0	0	0	0	3162	12	0	0
531	1245	396	126	97	0	0	3695	11	3468	11	0	0	0	0	3740	12	0	0
532	1246	242	241	106	0	0	3964	23	0	0	0	0	0	0	3570	11	0	0
533	1247	158	242	97	0	0	3728	11	510	1	1700	1	0	0	2516	8	0	0
534	1248	253	95	177	0	0	510	1	3570	7	0	0	0	0	408	2	0	0
535	1249	145	243	133	0	0	3698	10	0	0	0	0	0	0	1496	6	0	0
536	1250	243	265	68	0	0	1275	3	1700	1	3060	4	0	0	544	2	0	0
537	1251	265	251	59	0	0	0	0	0	0	0	0	0	0	0	0	0	0
538	1252	251	253	62	0	0	0	0	0	0	0	0	0	0	0	0	0	0
539	1253	397	398	163	0	0	1530	3	0	0	0	0	0	0	680	2	0	0
540	1254	139	254	124	3060	6	3910	9	2550	5	0	0	0	0	3162	10	0	0
541	1255	398	24	39	0	0	3060	6	1020	2	0	0	0	0	2482	8	0	0
542	1256	25	155	14	0	0	0	0	0	0	0	0	0	0	0	0	0	0
543	1257	254	24	112	0	0	1938	8	850	2	0	0	0	0	1428	5	0	0
544	-1	1	148	211	0	0	0	0	0	0	0	0	0	0	0	0	0	0
545	-2	60	117	163	0	0	0	0	0	0	0	0	0	0	0	0	0	0
546	-4	100	99	93	0	0	0	0	0	0	0	0	0	0	0	0	0	0
547	-5	231	232	107	0	0	0	0	0	0	0	0	0	0	0	0	0	0
548	-9	157	266	336	0	0	0	0	0	0	0	0	0	0	0	0	0	0
END
