ProblemType:	SP-CARP
NumberNodes:	788
NumberEdges:	1096
DepotNodeNumber:	0
NumberOfFractions:	1
NumberOfIntervalsForFraction	General_Glass_Metal_Plastic_Organic	7	2.3	3.5	7	14	21	28	56
GRAPH
EdgeNumber	EdgeId	StartNodeNumber	EndNodeNumber	Cost	Demand_0	Bins_0	Demand_1	Bins_1	Demand_2	Bins_2	Demand_3	Bins_3	Demand_4	Bins_4	Demand_5	Bins_5	Demand_6	Bins_6
START
0	0	0	1	41	0	0	0	0	0	0	0	0	0	0	0	0	0	0
1	5	2	3	15	0	0	0	0	0	0	0	0	0	0	0	0	0	0
2	6	3	4	97	0	0	3869	28	0	0	0	0	0	0	0	0	0	0
3	7	5	6	89	0	0	0	0	0	0	0	0	0	0	0	0	0	0
4	11	7	8	54	0	0	0	0	0	0	0	0	0	0	0	0	0	0
5	12	9	10	204	0	0	0	0	1020	2	0	0	0	0	2040	5	0	0
6	13	9	11	10	0	0	0	0	0	0	0	0	0	0	0	0	0	0
7	14	11	8	10	0	0	0	0	0	0	0	0	0	0	0	0	0	0
8	16	12	13	181	3873	19	3984	21	0	0	0	0	0	0	5032	14	0	0
9	20	14	15	122	3497	9	4173	12	0	0	0	0	0	0	5168	12	0	0
10	21	16	17	33	0	0	0	0	0	0	0	0	0	0	1428	7	0	0
11	25	18	19	55	0	0	4235	20	0	0	0	0	0	0	4590	10	0	0
12	26	20	18	50	0	0	0	0	0	0	0	0	0	0	0	0	0	0
13	27	21	22	174	0	0	2040	4	0	0	0	0	1870	1	1870	4	0	0
14	28	23	21	99	4148	15	3693	9	0	0	680	2	0	0	0	0	0	0
15	29	21	24	35	510	1	0	0	0	0	0	0	1870	1	0	0	0	0
16	30	25	26	119	0	0	0	0	2210	5	0	0	0	0	3672	10	0	0
17	31	27	25	55	0	0	0	0	0	0	0	0	0	0	0	0	0	0
18	32	25	28	141	0	0	0	0	0	0	0	0	0	0	0	0	0	0
19	33	6	29	39	0	0	1020	2	3822	27	0	0	0	0	0	0	0	0
20	36	29	11	17	0	0	0	0	0	0	0	0	0	0	0	0	0	0
21	38	30	31	215	0	0	0	0	3179	7	0	0	0	0	2652	13	0	0
22	39	31	32	484	0	0	0	0	2669	9	0	0	0	0	2448	12	232	2
23	41	33	34	3	0	0	0	0	0	0	1700	1	0	0	0	0	0	0
24	42	34	35	162	0	0	0	0	0	0	0	0	0	0	0	0	0	0
25	48	36	37	79	0	0	1020	2	408	2	0	0	0	0	748	3	408	2
26	49	38	39	54	0	0	0	0	0	0	0	0	0	0	0	0	0	0
27	50	39	40	17	0	0	2550	5	0	0	0	0	0	0	0	0	0	0
28	52	41	42	152	0	0	3877	16	2040	4	0	0	0	0	2788	8	0	0
29	53	43	44	98	3933	13	0	0	5100	12	1870	1	0	0	850	2	0	0
30	54	45	46	86	0	0	0	0	0	0	0	0	0	0	0	0	0	0
31	57	47	41	61	0	0	0	0	0	0	0	0	0	0	0	0	0	0
32	58	48	44	119	0	0	3666	9	119	1	1870	1	0	0	680	2	0	0
33	59	49	50	107	0	0	0	0	3654	9	0	0	0	0	1224	4	0	0
34	60	46	51	63	0	0	0	0	0	0	0	0	0	0	0	0	0	0
35	61	52	47	166	0	0	3717	14	4037	26	0	0	0	0	2822	8	0	0
36	62	51	53	23	0	0	0	0	0	0	0	0	0	0	0	0	0	0
37	63	54	55	79	0	0	0	0	0	0	0	0	0	0	0	0	0	0
38	65	56	57	140	0	0	4123	17	4015	13	0	0	0	0	5338	18	0	0
39	66	58	48	90	1020	2	0	0	1020	2	510	1	0	0	510	1	0	0
40	67	59	60	226	0	0	0	0	1632	8	0	0	0	0	544	2	0	0
41	68	53	61	84	0	0	3740	14	0	0	0	0	0	0	1258	4	0	0
42	69	57	52	153	612	4	2975	7	3703	10	0	0	0	0	3722	14	0	0
43	70	44	56	111	0	0	3868	16	0	0	0	0	0	0	2550	6	0	0
44	71	62	63	69	0	0	0	0	0	0	0	0	0	0	0	0	0	0
45	72	63	54	6	0	0	0	0	0	0	0	0	0	0	0	0	0	0
46	73	61	62	22	0	0	2125	5	0	0	0	0	0	0	1190	3	0	0
47	74	60	58	111	0	0	3635	12	3435	15	0	0	0	0	4148	15	0	0
48	75	55	59	213	0	0	0	0	4151	12	0	0	0	0	2312	8	0	0
49	76	50	45	45	0	0	0	0	0	0	0	0	0	0	0	0	0	0
50	77	64	65	75	0	0	0	0	0	0	0	0	0	0	0	0	0	0
51	78	66	67	147	0	0	0	0	0	0	0	0	0	0	0	0	0	0
52	81	68	69	58	0	0	0	0	3060	6	0	0	0	0	0	0	0	0
53	82	70	71	55	2040	4	4080	8	0	0	0	0	0	0	1530	4	0	0
54	83	72	71	62	3889	10	0	0	0	0	0	0	0	0	2754	7	0	0
55	84	73	74	19	3584	50	0	0	0	0	2550	5	0	0	5434	14	0	0
56	85	71	73	57	0	0	680	2	0	0	0	0	0	0	0	0	0	0
57	86	75	69	56	0	0	0	0	0	0	3825	5	0	0	0	0	0	0
58	87	74	75	9	0	0	0	0	0	0	0	0	0	0	0	0	0	0
59	89	76	68	194	0	0	0	0	1020	2	0	0	0	0	544	2	0	0
60	90	77	78	84	0	0	3806	13	0	0	0	0	0	0	2278	7	0	0
61	91	79	80	121	0	0	0	0	1428	4	0	0	0	0	816	4	640	4
62	92	81	82	47	0	0	0	0	3230	7	0	0	0	0	1360	6	0	0
63	93	83	84	98	0	0	2550	5	2040	4	0	0	0	0	1530	4	0	0
64	94	85	86	105	0	0	0	0	0	0	0	0	0	0	0	0	0	0
65	95	87	88	6	0	0	0	0	0	0	0	0	0	0	0	0	0	0
66	100	89	90	244	0	0	4051	13	3770	25	0	0	0	0	6698	26	0	0
67	101	91	89	40	0	0	0	0	0	0	0	0	0	0	0	0	0	0
68	102	92	93	51	0	0	0	0	935	2	0	0	0	0	0	0	0	0
69	103	94	95	110	1020	2	3862	12	4025	17	510	1	0	0	3570	11	0	0
70	105	83	96	24	0	0	0	0	0	0	0	0	0	0	0	0	0	0
71	106	97	98	104	3836	26	0	0	0	0	1700	1	0	0	2040	4	0	0
72	107	98	83	56	2040	4	0	0	0	0	0	0	0	0	544	2	0	0
73	108	99	98	71	0	0	0	0	0	0	0	0	0	0	0	0	0	0
74	109	100	101	108	0	0	3264	7	0	0	0	0	0	0	2550	5	0	0
75	110	102	100	145	0	0	0	0	204	1	0	0	0	0	3230	7	0	0
76	111	103	104	71	0	0	0	0	2652	13	0	0	0	0	850	2	0	0
77	112	103	105	98	0	0	0	0	1428	4	0	0	0	0	612	3	204	1
78	113	105	106	88	0	0	1020	2	1530	8	0	0	0	0	952	4	232	2
79	114	107	103	67	2890	6	2040	4	2720	3	510	1	0	0	1734	5	0	0
80	115	108	106	257	0	0	0	0	3332	12	0	0	0	0	1020	5	640	4
81	116	109	110	97	1530	3	1700	4	0	0	0	0	0	0	850	2	0	0
82	117	111	109	96	0	0	4131	15	2040	4	0	0	0	0	2720	10	0	0
83	118	112	113	150	0	0	1870	4	4080	8	0	0	0	0	2176	8	0	0
84	119	113	114	85	0	0	2975	7	0	0	0	0	0	0	1088	4	0	0
85	121	116	115	28	0	0	0	0	0	0	0	0	0	0	0	0	0	0
86	122	117	116	93	1530	3	850	2	0	0	0	0	0	0	1564	4	0	0
87	123	118	119	122	0	0	0	0	0	0	0	0	0	0	0	0	0	0
88	124	120	119	107	4006	10	0	0	0	0	0	0	0	0	3468	11	0	0
89	126	121	122	91	0	0	1020	2	0	0	0	0	0	0	544	2	0	0
90	127	123	121	128	0	0	0	0	391	3	0	0	0	0	204	1	0	0
91	128	121	124	74	0	0	0	0	459	2	0	0	0	0	408	2	0	0
92	129	124	125	85	0	0	0	0	0	0	0	0	0	0	0	0	0	0
93	130	126	127	115	0	0	0	0	0	0	0	0	0	0	0	0	0	0
94	131	128	126	72	0	0	0	0	0	0	0	0	0	0	3570	7	0	0
95	132	129	130	182	0	0	0	0	153	1	0	0	0	0	1462	5	0	0
96	133	129	131	22	0	0	0	0	0	0	0	0	0	0	0	0	0	0
97	134	132	133	26	0	0	0	0	0	0	0	0	0	0	0	0	0	0
98	135	134	135	40	0	0	0	0	0	0	0	0	0	0	0	0	0	0
99	136	136	132	97	0	0	0	0	612	3	0	0	0	0	408	2	352	3
100	137	133	134	102	0	0	0	0	0	0	0	0	0	0	0	0	0	0
101	138	137	138	228	0	0	0	0	1207	4	0	0	0	0	2652	7	880	6
102	139	139	140	197	0	0	0	0	4179	20	0	0	0	0	1700	4	0	0
103	140	141	142	56	0	0	4117	18	0	0	0	0	0	0	2584	12	0	0
104	142	90	143	11	0	0	0	0	0	0	0	0	0	0	0	0	0	0
105	143	144	145	133	0	0	4147	12	4199	9	0	0	0	0	2210	8	0	0
106	144	66	65	63	0	0	0	0	0	0	0	0	0	0	0	0	0	0
107	145	65	146	43	510	1	0	0	3519	23	0	0	0	0	1020	2	0	0
108	146	147	95	30	0	0	0	0	0	0	0	0	0	0	0	0	0	0
109	147	64	148	66	0	0	0	0	0	0	0	0	0	0	0	0	0	0
110	148	149	150	72	0	0	0	0	0	0	0	0	0	0	0	0	0	0
111	149	151	152	16	0	0	0	0	0	0	0	0	0	0	0	0	0	0
112	150	153	154	47	0	0	0	0	0	0	0	0	0	0	0	0	0	0
113	151	147	155	93	0	0	3833	11	4182	13	1020	2	0	0	2312	10	0	0
114	152	156	141	20	0	0	1428	7	0	0	0	0	0	0	0	0	0	0
115	153	143	157	92	0	0	2550	6	2040	4	0	0	0	0	1768	6	0	0
116	154	150	158	88	0	0	2040	4	918	3	0	0	0	0	1088	4	0	0
117	155	154	152	56	0	0	0	0	0	0	0	0	0	0	0	0	0	0
118	156	149	159	9	0	0	0	0	0	0	0	0	0	0	0	0	0	0
119	157	157	156	81	0	0	1020	2	0	0	0	0	0	0	408	2	0	0
120	158	160	144	143	0	0	3418	10	4161	11	0	0	0	0	4080	16	0	0
121	159	160	142	34	0	0	0	0	0	0	0	0	0	0	0	0	0	0
122	160	153	155	16	0	0	0	0	0	0	0	0	0	0	0	0	0	0
123	161	151	159	53	0	0	0	0	0	0	0	0	0	0	0	0	0	0
124	162	158	90	65	0	0	0	0	0	0	0	0	0	0	0	0	0	0
125	163	95	148	15	0	0	0	0	0	0	0	0	0	0	0	0	0	0
126	164	161	162	91	0	0	0	0	1530	3	0	0	0	0	544	2	0	0
127	165	163	164	121	0	0	2550	5	0	0	0	0	0	0	544	2	0	0
128	166	164	161	94	0	0	0	0	1020	2	0	0	0	0	544	2	0	0
129	167	165	163	104	0	0	0	0	4080	8	0	0	0	0	1088	4	0	0
130	170	162	166	101	0	0	2125	5	2040	4	0	0	0	0	1632	6	0	0
131	172	167	166	144	0	0	1530	3	0	0	0	0	0	0	1020	2	0	0
132	173	168	169	83	0	0	510	1	0	0	0	0	0	0	544	2	0	0
133	174	143	36	154	0	0	3570	7	2142	6	0	0	0	0	1836	7	232	2
134	175	37	170	118	0	0	510	1	510	1	0	0	0	0	204	1	0	0
135	176	170	79	71	0	0	0	0	0	0	0	0	0	0	0	0	0	0
136	177	169	167	57	1428	7	0	0	0	0	0	0	0	0	408	2	0	0
137	178	171	168	204	0	0	3448	9	2040	4	340	1	0	0	1700	7	0	0
138	179	79	171	139	0	0	1020	2	2040	4	1700	1	0	0	1496	6	0	0
139	180	172	166	480	0	0	0	0	0	0	0	0	0	0	0	0	0	0
140	183	173	174	49	0	0	2040	4	0	0	0	0	0	0	544	2	0	0
141	188	177	178	17	0	0	0	0	0	0	0	0	0	0	0	0	0	0
142	189	179	175	77	0	0	0	0	4065	24	0	0	0	0	2210	8	0	0
143	190	180	181	125	0	0	0	0	3755	12	0	0	0	0	1870	4	0	0
144	191	180	177	21	0	0	0	0	0	0	0	0	0	0	0	0	0	0
145	192	175	177	60	0	0	0	0	3418	22	0	0	0	0	1020	2	0	0
146	193	181	182	70	1020	2	2040	4	1020	2	0	0	0	0	1020	2	0	0
147	194	183	184	175	0	0	3753	15	204	1	0	0	0	0	3060	6	1016	2
148	196	185	186	176	0	0	0	0	629	2	0	0	0	0	612	3	116	1
149	197	186	138	157	0	0	1275	3	510	1	0	0	0	0	1054	3	0	0
150	198	187	188	69	0	0	0	0	306	2	0	0	0	0	408	2	0	0
151	199	189	190	219	3672	24	0	0	0	0	0	0	1700	1	1020	2	0	0
152	200	191	192	10	0	0	0	0	0	0	0	0	0	0	0	0	0	0
153	201	192	190	170	0	0	0	0	3779	3	0	0	0	0	4080	8	0	0
154	203	193	194	84	0	0	3470	18	0	0	0	0	0	0	2550	5	0	0
155	205	196	197	76	0	0	4095	10	0	0	0	0	0	0	1360	3	0	0
156	206	195	196	26	0	0	0	0	0	0	0	0	0	0	0	0	0	0
157	207	160	198	60	0	0	3485	7	1530	6	0	0	0	0	3026	10	0	0
158	208	198	199	90	0	0	1020	2	0	0	0	0	0	0	952	4	0	0
159	209	200	201	31	0	0	0	0	0	0	0	0	0	0	0	0	0	0
160	211	202	203	56	0	0	3895	16	0	0	0	0	0	0	2040	4	0	0
161	212	204	202	56	0	0	0	0	0	0	0	0	0	0	0	0	0	0
162	213	203	205	48	0	0	0	0	0	0	0	0	0	0	1530	3	0	0
163	215	206	207	188	0	0	0	0	0	0	0	0	0	0	0	0	0	0
164	216	208	207	13	0	0	0	0	0	0	0	0	0	0	0	0	0	0
165	217	209	210	112	0	0	0	0	816	5	0	0	0	0	1632	8	1068	9
166	218	211	212	207	0	0	3882	24	0	0	1870	1	1700	1	2550	5	0	0
167	219	212	213	98	0	0	3060	6	0	0	0	0	0	0	1700	4	0	0
168	220	211	214	79	0	0	0	0	0	0	0	0	0	0	0	0	0	0
169	221	215	216	76	0	0	3060	6	0	0	0	0	0	0	2040	5	0	0
170	222	217	218	238	0	0	4080	8	2244	5	1870	1	0	0	2108	6	0	0
171	223	219	220	112	0	0	0	0	0	0	0	0	0	0	0	0	0	0
172	224	221	222	133	4247	21	0	0	510	1	680	2	0	0	4760	11	0	0
173	225	223	38	356	0	0	3060	6	986	6	0	0	0	0	1836	9	712	6
174	226	224	225	22	0	0	0	0	510	1	0	0	0	0	0	0	0	0
175	227	225	226	162	1530	3	0	0	680	2	0	0	2805	1	1936	6	0	0
176	230	227	228	180	0	0	0	0	0	0	2040	4	0	0	4420	6	0	0
177	231	229	230	23	0	0	0	0	0	0	0	0	0	0	0	0	0	0
178	232	231	229	105	0	0	0	0	0	0	0	0	0	0	0	0	0	0
179	233	232	233	213	0	0	1734	14	1479	5	510	1	0	0	1564	7	472	4
180	236	234	235	213	0	0	0	0	3978	12	0	0	0	0	2040	10	408	2
181	237	236	237	273	0	0	3492	18	3785	34	0	0	0	0	8020	33	0	0
182	238	238	50	183	0	0	3922	13	1190	3	0	0	0	0	4250	15	0	0
183	239	239	240	86	0	0	2040	4	0	0	510	1	0	0	1360	3	0	0
184	240	241	239	66	0	0	4022	10	0	0	0	0	0	0	850	2	0	0
185	241	242	243	16	0	0	0	0	0	0	0	0	0	0	0	0	0	0
186	242	243	127	102	0	0	0	0	0	0	0	0	0	0	1530	3	0	0
187	244	244	245	142	2040	4	4208	10	0	0	0	0	0	0	3060	7	0	0
188	245	246	247	131	0	0	1275	3	3264	10	0	0	0	0	1836	9	204	1
189	246	248	249	129	0	0	0	0	3423	11	0	0	0	0	2040	8	0	0
190	247	32	250	19	0	0	0	0	0	0	0	0	0	0	0	0	0	0
191	248	251	30	57	0	0	0	0	0	0	0	0	0	0	0	0	0	0
192	249	252	30	108	0	0	0	0	0	0	0	0	0	0	2040	4	0	0
193	250	253	254	120	0	0	0	0	1632	6	0	0	0	0	1156	5	204	1
194	251	255	256	105	2550	5	3366	12	510	1	0	0	0	0	5270	9	0	0
195	252	45	257	27	0	0	0	0	0	0	0	0	0	0	0	0	0	0
196	253	182	257	129	0	0	2040	4	3571	13	0	0	1870	1	1938	6	0	0
197	254	258	255	117	2244	5	0	0	0	0	0	0	0	0	1258	4	0	0
198	255	256	179	28	0	0	0	0	0	0	0	0	0	0	0	0	0	0
199	256	259	260	132	0	0	3829	12	2210	2	0	0	0	0	3978	11	0	0
200	257	261	262	32	0	0	0	0	0	0	0	0	0	0	0	0	0	0
201	258	263	264	51	0	0	0	0	0	0	0	0	0	0	0	0	0	0
202	259	263	260	24	0	0	0	0	0	0	0	0	0	0	0	0	0	0
203	260	265	266	112	0	0	3060	7	3009	8	0	0	0	0	2346	8	0	0
204	261	266	164	75	0	0	510	1	0	0	0	0	0	0	408	2	0	0
205	262	267	268	76	4080	8	1020	2	0	0	0	0	0	0	952	4	0	0
206	263	269	259	46	0	0	0	0	0	0	0	0	0	0	0	0	0	0
207	264	264	261	60	0	0	612	3	2312	4	0	0	0	0	408	2	0	0
208	265	262	267	70	0	0	0	0	0	0	0	0	0	0	0	0	0	0
209	266	268	265	95	0	0	1326	5	0	0	0	0	0	0	816	4	0	0
210	267	159	270	228	0	0	3703	28	3264	10	0	0	0	0	4692	19	0	0
211	268	270	269	116	0	0	3905	9	3933	11	0	0	0	0	3672	14	0	0
212	269	271	272	36	0	0	0	0	0	0	0	0	0	0	0	0	0	0
213	270	273	274	35	0	0	0	0	0	0	0	0	0	0	0	0	0	0
214	271	275	276	35	0	0	2856	7	680	2	0	0	0	0	1700	7	0	0
215	273	277	172	25	0	0	3060	6	0	0	0	0	0	0	1054	3	0	0
216	274	70	102	21	0	0	0	0	0	0	0	0	0	0	0	0	0	0
217	275	278	279	57	0	0	0	0	0	0	0	0	0	0	0	0	0	0
218	276	280	281	67	0	0	0	0	0	0	0	0	0	0	0	0	0	0
219	277	107	274	44	0	0	1360	3	0	0	408	2	0	0	408	2	0	0
220	278	145	258	92	0	0	0	0	0	0	0	0	0	0	0	0	0	0
221	279	282	271	39	0	0	1020	2	0	0	0	0	0	0	680	2	0	0
222	280	283	281	7	0	0	0	0	0	0	0	0	0	0	0	0	0	0
223	281	272	275	29	0	0	866	9	0	0	0	0	0	0	408	2	0	0
224	282	284	282	113	0	0	3740	8	0	0	0	0	0	0	1020	2	0	0
225	283	285	102	69	0	0	0	0	0	0	0	0	0	0	0	0	0	0
226	284	70	286	55	0	0	0	0	0	0	0	0	0	0	0	0	0	0
227	285	286	280	74	0	0	4245	13	2550	5	0	0	0	0	2448	10	0	0
228	286	258	117	112	1020	2	1020	2	2040	4	0	0	0	0	1394	4	0	0
229	287	276	277	26	0	0	0	0	0	0	0	0	0	0	0	0	0	0
230	288	285	279	13	0	0	0	0	0	0	0	0	0	0	0	0	0	0
231	289	283	284	82	0	0	0	0	0	0	0	0	0	0	0	0	0	0
232	290	273	278	74	0	0	2125	5	0	0	0	0	0	0	680	2	0	0
233	291	117	107	59	0	0	3570	7	510	1	0	0	0	0	1428	5	0	0
234	294	268	288	81	0	0	3060	6	4117	12	340	1	0	0	2108	9	0	0
235	295	288	289	35	0	0	0	0	850	2	0	0	0	0	408	2	0	0
236	297	290	287	40	0	0	0	0	0	0	0	0	0	0	0	0	0	0
237	298	291	292	36	0	0	0	0	0	0	0	0	0	0	0	0	0	0
238	299	288	81	59	0	0	3561	9	1224	3	850	2	0	0	1428	4	0	0
239	300	292	268	101	0	0	2550	5	0	0	0	0	0	0	1020	2	0	0
240	301	81	169	145	0	0	2448	6	0	0	0	0	0	0	1258	4	0	0
241	302	290	291	100	0	0	0	0	0	0	0	0	0	0	0	0	0	0
242	303	293	294	64	0	0	850	2	0	0	0	0	0	0	0	0	0	0
243	304	295	296	59	0	0	0	0	0	0	0	0	0	0	0	0	0	0
244	305	297	298	35	0	0	1224	3	0	0	0	0	0	0	544	2	0	0
245	306	293	295	34	0	0	0	0	0	0	0	0	0	0	0	0	0	0
246	307	296	171	185	0	0	0	0	0	0	0	0	0	0	0	0	0	0
247	308	299	171	88	1020	2	1530	3	0	0	0	0	0	0	1394	4	0	0
248	309	263	298	101	0	0	3944	21	0	0	0	0	0	0	1564	5	0	0
249	310	300	301	120	0	0	3230	9	340	1	0	0	0	0	2652	9	232	2
250	311	302	303	109	0	0	0	0	0	0	0	0	0	0	0	0	0	0
251	312	304	305	122	0	0	0	0	1020	2	0	0	0	0	408	2	0	0
252	313	306	307	120	0	0	0	0	3991	20	0	0	0	0	3060	8	0	0
253	314	308	309	116	0	0	0	0	918	5	0	0	0	0	1020	5	0	0
254	315	310	311	118	0	0	3636	12	0	0	0	0	0	0	2414	7	0	0
255	316	312	310	226	0	0	4079	23	5729	10	0	0	0	0	3910	11	916	7
256	317	313	312	65	0	0	0	0	476	3	0	0	0	0	612	3	556	4
257	318	314	315	203	0	0	1275	3	918	5	0	0	0	0	1274	6	204	1
258	319	315	313	252	0	0	0	0	1598	10	0	0	0	0	1836	9	592	5
259	320	316	317	254	0	0	3580	13	1224	6	3740	2	0	0	6264	15	0	0
260	322	318	319	105	0	0	3505	10	3981	10	0	0	0	0	2380	6	0	0
261	323	320	321	109	0	0	2040	4	0	0	0	0	0	0	2278	6	0	0
262	324	322	323	109	0	0	2040	4	3979	12	1190	3	0	0	3332	10	0	0
263	325	324	325	53	3986	10	0	0	1530	3	0	0	0	0	2652	9	0	0
264	326	326	327	76	0	0	0	0	3060	6	0	0	0	0	1088	4	0	0
265	327	328	329	77	0	0	2550	5	0	0	0	0	0	0	1020	2	0	0
266	328	330	331	225	0	0	3729	17	1734	4	0	0	0	0	7072	19	0	0
267	329	285	332	242	0	0	714	2	612	3	0	0	1700	1	6954	19	0	0
268	330	51	333	86	0	0	1054	3	0	0	0	0	0	0	204	1	0	0
269	331	54	334	208	0	0	3810	43	0	0	0	0	0	0	3264	8	0	0
270	332	46	335	44	3570	7	1020	2	2040	4	0	0	0	0	1938	5	0	0
271	333	336	337	85	0	0	4195	10	0	0	0	0	0	0	1734	5	0	0
272	334	337	113	28	0	0	0	0	0	0	0	0	0	0	0	0	0	0
273	335	338	178	261	3060	6	1020	2	3514	14	1870	1	0	0	3502	12	0	0
274	336	339	338	90	2550	5	0	0	0	0	0	0	0	0	0	0	0	0
275	337	178	180	16	0	0	0	0	1020	2	0	0	0	0	0	0	0	0
276	338	274	339	110	0	0	3060	6	510	1	0	0	0	0	850	2	0	0
277	340	115	255	96	0	0	0	0	0	0	0	0	0	0	408	2	0	0
278	342	340	179	86	0	0	2040	4	748	3	0	0	0	0	680	2	0	0
279	343	341	182	76	0	0	1275	3	0	0	0	0	0	0	544	2	0	0
280	344	342	343	111	0	0	3570	7	0	0	918	3	0	0	1054	3	0	0
281	345	344	343	144	0	0	3570	7	3400	7	0	0	0	0	3876	12	0	0
282	346	345	344	43	0	0	0	0	0	0	0	0	0	0	0	0	0	0
283	347	346	347	96	0	0	0	0	918	5	0	0	0	0	816	4	796	6
284	348	348	349	138	510	1	2040	4	3687	18	0	0	0	0	3672	10	0	0
285	349	350	351	151	0	0	0	0	0	0	0	0	0	0	850	2	0	0
286	350	352	353	221	0	0	2040	4	3978	9	0	0	0	0	1292	5	0	0
287	351	354	355	427	0	0	4088	19	4042	21	3944	3	0	0	8126	30	556	4
288	352	356	357	424	0	0	3873	38	3583	11	1870	1	0	0	7866	39	0	0
289	353	358	359	134	0	0	3416	18	2040	4	0	0	0	0	3196	15	0	0
290	354	198	360	163	0	0	1530	3	3410	16	0	0	0	0	1836	9	964	6
291	355	361	152	221	1530	3	1870	4	4223	11	1530	3	0	0	1224	6	232	2
292	356	362	149	238	4080	8	3521	15	3822	24	510	1	0	0	2754	10	0	0
293	357	363	150	253	0	0	3751	12	7307	16	0	0	0	0	4148	17	232	2
294	358	364	158	271	0	0	3567	25	3519	28	3400	2	0	0	7584	39	0	0
295	359	365	157	307	0	0	3661	32	3533	33	204	1	0	0	8364	28	1120	8
296	360	366	287	175	0	0	1870	4	0	0	0	0	0	0	680	2	0	0
297	361	290	367	172	0	0	0	0	0	0	0	0	0	0	0	0	0	0
298	362	368	109	205	3570	7	4133	62	340	1	1564	4	0	0	4930	10	0	0
299	363	142	369	148	1530	3	3060	15	0	0	1700	1	0	0	1156	5	0	0
300	364	370	371	68	0	0	0	0	4139	14	0	0	0	0	2652	8	0	0
301	365	157	372	152	0	0	4151	13	3485	9	0	0	0	0	3638	12	0	0
302	367	297	299	81	0	0	3570	7	0	0	0	0	0	0	1530	3	0	0
303	368	373	374	54	0	0	0	0	0	0	0	0	0	0	0	0	0	0
304	369	375	77	65	0	0	0	0	0	0	0	0	0	0	0	0	0	0
305	370	376	377	62	0	0	1020	2	3570	7	0	0	0	0	1802	6	0	0
306	371	378	375	25	0	0	0	0	0	0	0	0	0	0	0	0	0	0
307	372	77	373	48	0	0	0	0	2040	4	0	0	0	0	408	2	0	0
308	373	379	373	14	0	0	0	0	0	0	0	0	0	0	0	0	0	0
309	374	374	380	48	0	0	0	0	0	0	0	0	0	0	0	0	0	0
310	375	381	379	63	0	0	0	0	0	0	0	0	0	0	0	0	0	0
311	376	380	379	72	0	0	0	0	0	0	0	0	0	0	0	0	0	0
312	377	376	380	24	0	0	0	0	0	0	0	0	0	0	0	0	0	0
313	378	380	381	55	0	0	0	0	0	0	0	0	0	0	0	0	0	0
314	379	110	93	128	510	1	2040	4	1530	6	0	0	0	0	408	2	0	0
315	380	382	376	140	0	0	0	0	3570	7	0	0	0	0	544	2	0	0
316	381	379	383	47	0	0	0	0	1530	3	0	0	0	0	408	2	0	0
317	382	384	364	67	0	0	0	0	1530	3	0	0	0	0	408	2	0	0
318	383	365	356	25	0	0	0	0	0	0	0	0	0	0	0	0	0	0
319	384	354	385	46	0	0	2040	4	425	1	0	0	0	0	408	2	0	0
320	385	383	361	35	0	0	0	0	0	0	0	0	0	0	0	0	0	0
321	386	362	378	33	0	0	0	0	0	0	0	0	0	0	0	0	0	0
322	387	358	363	61	0	0	0	0	1020	2	0	0	0	0	544	2	0	0
323	388	91	356	70	0	0	3060	6	0	0	0	0	0	0	850	2	0	0
324	389	358	362	13	0	0	0	0	0	0	0	0	0	0	0	0	0	0
325	390	384	363	17	0	0	0	0	0	0	0	0	0	0	0	0	0	0
326	391	352	386	51	0	0	0	0	0	0	0	0	0	0	0	0	0	0
327	392	352	385	14	0	0	0	0	0	0	0	0	0	0	0	0	0	0
328	393	365	354	42	0	0	850	2	0	0	0	0	0	0	408	2	0	0
329	394	375	361	18	0	0	0	0	0	0	0	0	0	0	0	0	0	0
330	395	364	91	70	0	0	0	0	0	0	0	0	0	0	0	0	0	0
331	396	386	110	136	0	0	1020	2	0	0	0	0	0	0	0	0	0	0
332	397	387	201	29	3740	8	0	0	0	0	0	0	0	0	0	0	0	0
333	398	388	200	30	0	0	0	0	0	0	0	0	0	0	850	2	0	0
334	399	389	388	34	0	0	1224	8	0	0	0	0	0	0	0	0	0	0
335	400	388	387	26	0	0	0	0	0	0	0	0	0	0	0	0	0	0
336	401	390	387	35	0	0	1530	10	0	0	0	0	0	0	850	2	0	0
337	402	391	232	46	510	1	0	0	204	1	0	0	0	0	204	1	116	1
338	403	392	390	85	3803	9	2703	13	0	0	0	0	0	0	5440	12	0	0
339	404	389	393	152	3404	11	1989	13	1020	2	0	0	0	0	4250	10	0	0
340	405	232	241	83	0	0	0	0	0	0	0	0	0	0	0	0	0	0
341	406	390	214	23	0	0	0	0	0	0	0	0	0	0	0	0	0	0
342	407	214	389	11	0	0	0	0	0	0	0	0	0	0	0	0	0	0
343	408	394	395	23	0	0	0	0	0	0	0	0	0	0	0	0	0	0
344	409	238	396	202	0	0	1020	2	850	2	0	0	0	0	0	0	0	0
345	410	49	238	58	0	0	0	0	0	0	0	0	0	0	0	0	0	0
346	411	397	398	66	0	0	0	0	0	0	0	0	0	0	0	0	0	0
347	412	397	241	29	0	0	0	0	0	0	0	0	0	0	0	0	0	0
348	413	396	391	120	0	0	714	2	510	1	0	0	0	0	1852	5	0	0
349	414	399	400	77	0	0	3777	11	0	0	0	0	0	0	1530	3	0	0
350	415	399	394	22	0	0	0	0	0	0	0	0	0	0	0	0	0	0
351	416	221	395	33	0	0	0	0	0	0	0	0	0	0	0	0	0	0
352	417	398	401	73	0	0	0	0	0	0	0	0	0	0	0	0	0	0
353	418	402	403	81	0	0	3697	26	0	0	0	0	0	0	3060	6	0	0
354	419	402	400	18	0	0	0	0	0	0	0	0	0	0	0	0	0	0
355	420	404	218	94	0	0	0	0	765	5	0	0	0	0	408	2	0	0
356	421	405	406	12	0	0	0	0	0	0	0	0	0	0	0	0	0	0
357	422	407	221	57	0	0	4080	8	0	0	0	0	0	0	1870	4	0	0
358	423	403	406	89	0	0	0	0	0	0	0	0	0	0	0	0	0	0
359	424	405	404	94	0	0	0	0	0	0	0	0	0	0	0	0	0	0
360	425	408	392	141	0	0	3516	46	0	0	0	0	0	0	4080	8	0	0
361	426	158	409	228	0	0	0	0	3644	18	0	0	0	0	3094	13	832	7
362	427	410	299	202	2040	10	2040	4	1275	3	0	0	0	0	2754	7	0	0
363	428	151	411	106	0	0	3740	8	6831	14	0	0	0	0	1904	8	0	0
364	429	262	412	135	2380	5	2550	5	2890	6	0	0	0	0	2890	10	0	0
365	430	165	413	220	0	0	4214	16	3060	6	0	0	0	0	4386	14	0	0
366	431	414	366	70	0	0	0	0	0	0	0	0	0	0	0	0	0	0
367	432	367	415	62	0	0	0	0	0	0	0	0	0	0	0	0	0	0
368	433	64	416	218	0	0	3933	50	1700	1	2550	5	0	0	2244	9	0	0
369	434	66	417	213	2244	10	816	4	4250	4	1870	1	0	0	850	2	0	0
370	435	418	419	106	0	0	0	0	4250	9	0	0	0	0	2992	8	0	0
371	436	420	421	89	0	0	0	0	4226	15	0	0	0	0	2278	7	0	0
372	440	424	425	80	0	0	1530	3	2907	8	0	0	0	0	816	4	0	0
373	441	426	427	90	0	0	0	0	2890	6	0	0	0	0	1156	5	544	2
374	442	12	428	74	0	0	0	0	2873	7	0	0	0	0	0	0	0	0
375	443	266	429	110	612	3	3468	14	2040	4	0	0	0	0	2108	9	0	0
376	444	150	430	228	0	0	3445	13	1938	5	1700	1	0	0	2854	12	640	4
377	445	161	431	166	0	0	1360	3	3501	18	0	0	0	0	4998	19	232	2
378	446	432	267	132	0	0	2295	5	1360	3	0	0	0	0	1360	4	0	0
379	447	168	432	158	1020	2	3464	17	0	0	0	0	0	0	1700	7	0	0
380	448	261	433	132	0	0	3537	29	0	0	0	0	0	0	7786	23	0	0
381	449	434	435	259	0	0	4049	10	3444	14	0	0	0	0	2312	10	1120	8
382	450	271	436	46	0	0	3060	6	3549	9	0	0	0	0	3060	10	0	0
383	451	437	438	259	4157	17	0	0	0	0	0	0	0	0	3400	7	0	0
384	452	439	281	26	0	0	0	0	0	0	0	0	0	0	0	0	0	0
385	453	75	437	131	4080	8	0	0	0	0	0	0	0	0	2040	4	0	0
386	454	440	438	99	4080	8	0	0	0	0	0	0	0	0	2890	6	0	0
387	455	438	439	56	3760	9	1530	3	0	0	0	0	0	0	2108	6	0	0
388	456	74	440	131	3060	6	0	0	0	0	0	0	0	0	0	0	0	0
389	457	437	440	11	0	0	0	0	0	0	0	0	0	0	0	0	0	0
390	458	441	293	229	0	0	3685	15	3570	7	0	0	0	0	6392	21	0	0
391	459	442	441	56	0	0	1870	4	119	1	0	0	0	0	408	2	0	0
392	460	441	443	59	0	0	0	0	0	0	0	0	0	0	0	0	0	0
393	461	444	295	296	0	0	3699	17	4022	15	1870	1	0	0	7140	26	0	0
394	462	76	445	97	0	0	0	0	4076	11	0	0	0	0	2226	7	0	0
395	463	279	76	32	0	0	0	0	1700	1	0	0	0	0	0	0	0	0
396	464	446	204	142	0	0	0	0	0	0	0	0	0	0	0	0	0	0
397	466	447	42	170	0	0	4196	10	0	0	0	0	0	0	850	2	0	0
398	468	448	124	119	0	0	0	0	731	3	0	0	0	0	612	3	472	4
399	469	449	312	98	0	0	0	0	119	1	0	0	0	0	408	2	204	1
400	470	450	451	13	0	0	1020	2	0	0	0	0	0	0	0	0	0	0
401	476	452	453	10	0	0	1020	2	0	0	0	0	0	0	0	0	0	0
402	477	453	454	9	0	0	2040	4	0	0	510	1	0	0	510	1	0	0
403	480	455	456	9	0	0	2040	4	0	0	510	1	0	0	510	1	0	0
404	484	374	457	51	0	0	0	0	0	0	0	0	0	0	0	0	0	0
405	485	458	459	46	0	0	0	0	0	0	0	0	0	0	0	0	0	0
406	486	401	20	89	0	0	0	0	0	0	0	0	0	0	0	0	0	0
407	487	407	20	25	0	0	0	0	0	0	0	0	0	0	0	0	0	0
408	488	408	218	40	0	0	0	0	0	0	0	0	0	0	0	0	0	0
409	489	460	461	130	0	0	0	0	0	0	0	0	0	0	0	0	0	0
410	490	87	462	44	0	0	0	0	0	0	0	0	0	0	0	0	0	0
411	491	463	464	179	0	0	0	0	0	0	0	0	0	0	0	0	0	0
412	494	465	466	127	0	0	0	0	1683	5	0	0	0	0	408	2	640	4
413	495	466	467	12	0	0	0	0	0	0	0	0	0	0	0	0	0	0
414	496	464	87	7	0	0	0	0	0	0	0	0	0	0	0	0	0	0
415	497	28	196	194	0	0	0	0	0	0	0	0	0	0	0	0	0	0
416	498	133	468	103	0	0	0	0	340	1	0	0	0	0	204	1	320	2
417	500	469	470	84	0	0	0	0	0	0	0	0	0	0	0	0	0	0
418	501	470	471	39	0	0	0	0	0	0	0	0	0	0	0	0	0	0
419	502	468	407	89	0	0	0	0	0	0	0	0	0	0	0	0	0	0
420	503	132	472	112	0	0	0	0	357	2	0	0	0	0	816	4	640	4
421	504	473	132	146	0	0	0	0	425	1	0	0	0	0	204	1	232	2
422	505	196	469	85	0	0	0	0	0	0	0	0	0	0	0	0	0	0
423	506	19	460	116	0	0	0	0	0	0	0	0	0	0	0	0	0	0
424	507	461	463	115	0	0	0	0	0	0	0	0	0	0	0	0	0	0
425	508	471	133	153	0	0	0	0	0	0	0	0	0	0	0	0	0	0
426	509	28	195	190	0	0	2040	4	0	0	0	0	0	0	850	2	0	0
427	510	195	474	95	0	0	0	0	0	0	0	0	0	0	0	0	0	0
428	511	472	20	88	0	0	0	0	0	0	0	0	0	0	0	0	0	0
429	512	474	473	120	0	0	0	0	153	1	0	0	0	0	408	2	232	2
430	513	38	475	67	3570	7	0	0	1530	3	0	0	0	0	544	2	0	0
431	515	130	476	8	0	0	1530	3	238	2	0	0	0	0	322	2	0	0
432	516	477	475	62	0	0	0	0	0	0	0	0	0	0	0	0	0	0
433	517	478	85	57	0	0	850	2	0	0	510	1	0	0	510	1	0	0
434	518	128	478	251	0	0	4160	26	3910	5	0	0	0	0	3468	10	0	0
435	519	242	128	59	0	0	510	1	0	0	0	0	0	0	0	0	0	0
436	520	45	479	230	3060	6	4049	76	2040	4	4760	5	0	0	6392	15	0	0
437	521	480	227	156	0	0	2856	14	1224	6	3740	2	0	0	2040	4	0	0
438	522	479	242	18	0	0	0	0	0	0	0	0	0	0	0	0	0	0
439	523	85	461	87	0	0	0	0	0	0	0	0	0	0	0	0	0	0
440	525	224	130	87	1020	2	0	0	0	0	0	0	0	0	0	0	0	0
441	526	481	482	44	0	0	0	0	0	0	0	0	0	0	0	0	0	0
442	527	482	224	28	0	0	0	0	0	0	0	0	0	0	0	0	0	0
443	528	227	481	35	0	0	3568	10	0	0	0	0	0	0	1632	6	0	0
444	529	220	480	7	0	0	0	0	0	0	0	0	0	0	0	0	0	0
445	530	4	483	81	0	0	0	0	0	0	0	0	0	0	0	0	0	0
446	531	477	484	11	0	0	0	0	0	0	0	0	0	0	0	0	0	0
447	532	484	4	102	0	0	1530	3	0	0	0	0	0	0	1020	2	0	0
448	533	485	220	81	0	0	0	0	0	0	0	0	0	0	0	0	0	0
449	534	476	38	105	0	0	1530	3	3060	6	0	0	0	0	1360	4	0	0
450	535	483	486	92	0	0	0	0	3332	6	0	0	0	0	204	1	232	2
451	536	487	488	56	0	0	0	0	0	0	0	0	0	0	0	0	0	0
452	537	487	489	64	0	0	2125	5	1530	3	816	4	0	0	544	2	0	0
453	539	490	491	79	0	0	4036	11	0	0	0	0	0	0	2958	8	0	0
454	540	491	492	116	0	0	4202	10	0	0	510	1	0	0	1054	3	0	0
455	541	314	493	23	0	0	0	0	0	0	0	0	0	0	0	0	0	0
456	542	457	458	53	0	0	1020	2	0	0	0	0	0	0	544	2	0	0
457	543	338	494	235	0	0	510	1	0	0	0	0	0	0	0	0	0	0
458	546	91	495	401	0	0	3707	40	3714	15	0	0	0	0	7140	20	408	2
459	547	496	443	55	0	0	0	0	0	0	0	0	0	0	0	0	0	0
460	548	443	294	236	1530	3	3938	10	3626	19	0	0	0	0	8060	26	0	0
461	551	37	497	158	0	0	2550	5	0	0	510	1	0	0	510	1	0	0
462	565	498	47	260	1428	7	2040	4	1020	2	0	0	0	0	1088	4	0	0
463	566	499	498	232	0	0	0	0	0	0	0	0	0	0	0	0	0	0
464	567	116	339	77	0	0	0	0	0	0	0	0	0	0	0	0	0	0
465	568	239	500	76	0	0	3737	12	0	0	510	1	0	0	2074	5	0	0
466	570	501	502	387	1530	3	2380	5	3060	6	2720	3	0	0	1020	2	0	0
467	573	503	7	60	2550	5	0	0	0	0	1020	2	0	0	1700	1	0	0
468	580	504	407	231	0	0	0	0	0	0	0	0	0	0	0	0	0	0
469	581	485	504	128	0	0	4207	10	0	0	0	0	0	0	2584	6	0	0
470	582	461	485	8	0	0	0	0	0	0	0	0	0	0	0	0	0	0
471	583	505	485	116	0	0	0	0	0	0	0	0	0	0	0	0	0	0
472	585	86	463	62	1020	2	0	0	0	0	3944	6	0	0	1394	4	0	0
473	587	506	505	178	0	0	0	0	0	0	0	0	0	0	0	0	0	0
474	588	464	506	6	0	0	0	0	0	0	0	0	0	0	0	0	0	0
475	589	88	506	7	0	0	0	0	0	0	0	0	0	0	0	0	0	0
476	590	118	87	360	0	0	0	0	0	0	2754	6	3740	2	2754	6	0	0
477	591	300	88	44	0	0	0	0	0	0	0	0	0	0	0	0	0	0
478	592	462	300	6	0	0	0	0	0	0	0	0	0	0	0	0	0	0
479	593	462	465	82	0	0	0	0	0	0	0	0	0	0	0	0	0	0
480	594	507	300	82	0	0	0	0	204	1	0	0	0	0	408	2	0	0
481	595	247	465	103	0	0	0	0	612	3	1870	1	0	0	408	2	0	0
482	596	508	507	130	0	0	0	0	0	0	0	0	0	0	0	0	0	0
483	597	509	510	6	0	0	0	0	0	0	0	0	0	0	0	0	0	0
484	598	460	504	8	0	0	0	0	0	0	0	0	0	0	0	0	0	0
485	599	511	512	206	0	0	0	0	0	0	0	0	0	0	0	0	0	0
486	600	513	514	135	0	0	3992	28	0	0	0	0	0	0	2890	7	0	0
487	601	284	515	112	0	0	3767	12	0	0	0	0	0	0	2108	9	0	0
488	602	516	517	73	0	0	3522	9	510	1	0	0	0	0	1224	4	0	0
489	603	515	490	80	0	0	3976	14	1445	3	1020	2	0	0	1836	7	0	0
490	604	518	122	94	0	0	4242	21	1173	3	3060	5	0	0	1836	6	408	2
491	605	519	488	29	0	0	0	0	0	0	0	0	0	0	0	0	0	0
492	606	322	331	33	0	0	0	0	0	0	0	0	0	0	0	0	0	0
493	607	491	516	25	0	0	0	0	0	0	0	0	0	0	0	0	0	0
494	608	520	322	45	0	0	0	0	0	0	0	0	0	0	0	0	0	0
495	609	331	521	71	0	0	3400	7	0	0	0	0	0	0	1802	6	0	0
496	610	520	320	32	0	0	0	0	0	0	0	0	0	0	0	0	0	0
497	611	513	522	79	0	0	0	0	0	0	0	0	0	0	0	0	0	0
498	612	517	487	14	0	0	0	0	0	0	0	0	0	0	0	0	0	0
499	613	519	320	47	0	0	0	0	0	0	0	0	0	0	0	0	0	0
500	614	523	518	88	0	0	3420	24	408	2	2550	4	0	0	612	3	0	0
501	615	122	524	25	0	0	0	0	0	0	0	0	0	0	0	0	0	0
502	616	316	513	61	0	0	0	0	0	0	0	0	0	0	0	0	0	0
503	617	522	525	68	0	0	0	0	2754	6	0	0	0	0	544	2	0	0
504	618	524	316	45	0	0	0	0	0	0	0	0	0	0	0	0	0	0
505	619	60	526	94	0	0	0	0	5100	6	0	0	0	0	408	2	0	0
506	620	526	314	114	0	0	2890	6	1649	6	408	2	0	0	1972	9	232	2
507	621	521	60	54	0	0	0	0	0	0	0	0	0	0	0	0	0	0
508	622	493	523	68	0	0	0	0	0	0	0	0	0	0	0	0	0	0
509	623	55	527	201	0	0	3060	6	3454	10	0	0	0	0	3740	12	0	0
510	624	528	527	43	0	0	1530	3	0	0	0	0	0	0	236	2	0	0
511	625	278	494	184	0	0	3876	14	119	1	0	0	0	0	2958	10	0	0
512	626	529	530	23	0	0	0	0	0	0	0	0	0	0	0	0	0	0
513	627	530	531	90	0	0	1530	3	0	0	0	0	0	0	408	2	0	0
514	628	532	529	73	0	0	0	0	0	0	0	0	0	0	1020	2	0	0
515	629	467	509	4	0	0	0	0	0	0	0	0	0	0	0	0	0	0
516	630	530	533	74	0	0	0	0	0	0	0	0	0	0	0	0	0	0
517	631	324	534	68	0	0	3570	7	663	2	0	0	0	0	1700	4	0	0
518	632	535	324	78	1632	8	0	0	0	0	0	0	0	0	0	0	0	0
519	633	533	535	74	1020	2	0	0	0	0	0	0	0	0	680	2	0	0
520	634	494	532	50	0	0	0	0	2023	6	0	0	0	0	1020	3	0	0
521	635	248	246	97	0	0	0	0	833	3	0	0	0	0	612	3	232	2
522	636	536	248	135	0	0	0	0	1972	6	0	0	0	0	1428	7	1084	7
523	637	527	537	127	0	0	680	2	2074	5	0	0	0	0	1496	6	0	0
524	638	246	467	85	0	0	0	0	0	0	0	0	0	0	0	0	0	0
525	639	534	55	63	0	0	0	0	0	0	0	0	0	0	0	0	0	0
526	640	120	537	21	0	0	0	0	0	0	0	0	0	0	0	0	0	0
527	641	538	536	14	0	0	0	0	0	0	0	0	0	0	0	0	0	0
528	642	536	120	25	0	0	0	0	0	0	0	0	0	0	0	0	0	0
529	643	537	538	29	0	0	0	0	0	0	0	0	0	0	0	0	0	0
530	645	508	466	10	0	0	0	0	0	0	0	0	0	0	0	0	0	0
531	646	510	539	3	0	0	0	0	0	0	0	0	0	0	0	0	0	0
532	647	508	304	81	0	0	0	0	1258	4	0	0	0	0	612	3	232	2
533	648	493	448	307	0	0	0	0	833	3	0	0	0	0	408	2	472	4
534	649	540	510	73	0	0	0	0	306	2	0	0	0	0	204	1	232	2
535	650	448	541	82	0	0	0	0	0	0	0	0	0	0	0	0	0	0
536	651	539	542	12	0	0	0	0	0	0	0	0	0	0	0	0	0	0
537	652	541	308	71	0	0	0	0	0	0	0	0	0	0	0	0	0	0
538	653	302	254	101	0	0	0	0	0	0	0	0	0	0	0	0	0	0
539	654	304	302	80	0	0	0	0	0	0	0	0	0	0	0	0	0	0
540	655	308	540	112	0	0	0	0	0	0	0	0	0	0	0	0	0	0
541	656	543	509	256	0	0	0	0	2805	11	0	0	0	0	1870	7	472	4
542	657	137	544	88	0	0	1224	8	2703	6	0	0	0	0	2040	8	232	2
543	658	545	27	183	0	0	0	0	1020	2	0	0	0	0	0	0	0	0
544	659	546	544	138	0	0	0	0	1734	8	0	0	0	0	1870	7	0	0
545	660	27	547	10	0	0	0	0	0	0	0	0	0	0	0	0	0	0
546	661	547	546	183	0	0	0	0	0	0	0	0	0	0	408	2	0	0
547	662	512	545	156	0	0	0	0	3697	13	1870	1	0	0	544	2	0	0
548	663	546	545	11	0	0	0	0	0	0	0	0	0	0	0	0	0	0
549	664	314	543	407	0	0	4119	16	3570	7	0	0	0	0	3978	9	0	0
550	665	254	548	174	0	0	0	0	0	0	0	0	0	0	0	0	0	0
551	666	549	550	83	0	0	0	0	0	0	0	0	0	0	0	0	0	0
552	667	539	551	102	0	0	0	0	0	0	0	0	0	0	0	0	0	0
553	669	542	508	8	0	0	0	0	0	0	0	0	0	0	0	0	0	0
554	670	542	549	115	0	0	0	0	1139	3	0	0	0	0	1428	7	232	2
555	671	551	552	97	0	0	0	0	714	4	0	0	0	0	816	4	472	4
556	674	553	554	33	0	0	0	0	0	0	0	0	0	0	0	0	0	0
557	676	310	555	93	0	0	3570	7	2040	4	0	0	0	0	1632	6	0	0
558	677	556	310	98	0	0	0	0	0	0	0	0	0	0	0	0	0	0
559	678	318	554	12	0	0	0	0	0	0	0	0	0	0	0	0	0	0
560	679	498	553	63	0	0	1224	6	0	0	0	0	0	0	3060	6	0	0
561	680	318	52	70	0	0	0	0	2040	4	0	0	0	0	544	2	0	0
562	681	52	556	100	0	0	765	5	2329	6	0	0	0	0	1088	4	0	0
563	682	555	557	74	0	0	1530	3	0	0	0	0	0	0	544	2	0	0
564	683	193	191	110	0	0	0	0	0	0	0	0	0	0	0	0	0	0
565	684	28	558	83	0	0	0	0	0	0	0	0	0	0	0	0	0	0
566	685	559	511	819	0	0	0	0	2108	6	0	0	0	0	544	2	0	0
567	686	560	547	107	0	0	0	0	0	0	0	0	0	0	0	0	0	0
568	688	192	561	254	0	0	0	0	0	0	0	0	0	0	0	0	0	0
569	689	562	563	182	0	0	1020	5	0	0	0	0	0	0	0	0	0	0
570	690	191	562	177	0	0	2601	17	0	0	0	0	0	0	0	0	0	0
571	691	564	193	87	0	0	0	0	0	0	0	0	0	0	0	0	0	0
572	692	561	23	86	0	0	0	0	0	0	0	0	0	0	0	0	0	0
573	693	1	192	357	0	0	0	0	0	0	0	0	0	0	0	0	0	0
574	694	544	511	223	0	0	0	0	2040	4	0	0	0	0	544	2	0	0
575	695	558	564	57	0	0	0	0	0	0	0	0	0	0	0	0	0	0
576	696	23	560	85	0	0	0	0	0	0	1700	1	0	0	0	0	0	0
577	698	565	566	149	0	0	2550	5	0	0	1700	1	0	0	3162	9	0	0
578	700	565	568	48	0	0	510	1	0	0	0	0	0	0	0	0	0	0
579	701	569	236	76	0	0	0	0	0	0	0	0	0	0	0	0	0	0
580	702	511	570	363	0	0	0	0	0	0	0	0	0	0	0	0	0	0
581	703	236	570	68	0	0	0	0	0	0	0	0	0	0	0	0	0	0
582	704	49	569	338	4227	19	4080	22	2040	4	0	0	0	0	5440	14	0	0
583	706	185	568	137	0	0	1955	4	0	0	0	0	0	0	748	3	408	2
584	707	568	183	38	0	0	0	0	0	0	0	0	0	0	0	0	0	0
585	709	511	139	103	0	0	3570	12	0	0	0	0	0	0	2550	6	0	0
586	711	139	185	93	0	0	1530	3	0	0	0	0	0	0	1088	4	0	0
587	712	24	571	119	3910	9	0	0	0	0	0	0	0	0	0	0	0	0
588	713	28	23	12	0	0	0	0	0	0	0	0	0	0	0	0	0	0
589	714	24	572	164	0	0	0	0	1020	2	0	0	0	0	0	0	0	0
590	715	167	573	102	0	0	3952	15	4080	8	0	0	0	0	2448	10	204	1
591	716	574	573	19	0	0	0	0	0	0	0	0	0	0	0	0	0	0
592	717	574	162	165	0	0	4174	11	4186	15	0	0	0	0	4164	15	408	2
593	718	355	357	73	0	0	0	0	0	0	0	0	0	0	0	0	0	0
594	721	575	112	24	0	0	0	0	0	0	0	0	0	0	0	0	0	0
595	722	576	577	50	1428	4	0	0	2380	5	0	0	0	0	952	4	0	0
596	723	355	575	102	0	0	850	2	204	1	0	0	0	0	1020	2	0	0
597	724	112	336	75	0	0	1530	10	2720	3	0	0	0	0	1088	4	0	0
598	725	577	559	77	2040	4	0	0	0	0	816	4	0	0	408	2	0	0
599	726	336	576	34	0	0	0	0	0	0	0	0	0	0	0	0	0	0
600	727	572	578	103	425	1	0	0	0	0	0	0	0	0	0	0	0	0
601	728	579	580	150	0	0	2550	5	0	0	0	0	0	0	1020	2	0	0
602	729	571	578	121	3405	27	0	0	0	0	0	0	0	0	3400	4	0	0
603	730	581	572	316	0	0	2040	4	425	1	0	0	0	0	662	3	232	2
604	731	187	581	84	0	0	0	0	408	2	0	0	0	0	204	1	232	2
605	732	580	187	82	0	0	0	0	578	2	0	0	0	0	612	3	472	4
606	733	93	582	266	0	0	2550	5	3983	34	0	0	0	0	3876	11	0	0
607	735	582	559	177	0	0	3426	9	2040	4	0	0	0	0	2754	8	0	0
608	736	559	583	271	0	0	4170	12	5837	20	1360	3	0	0	3842	12	0	0
609	737	580	184	82	0	0	0	0	153	1	0	0	1870	1	204	1	0	0
610	738	186	580	91	0	0	0	0	306	2	0	0	0	0	408	2	352	3
611	739	140	137	3	0	0	0	0	0	0	0	0	0	0	0	0	0	0
612	740	140	186	87	0	0	0	0	493	2	0	0	0	0	612	3	592	5
613	741	512	544	20	0	0	0	0	0	0	0	0	0	0	0	0	0	0
614	742	567	584	55	0	0	0	0	0	0	0	0	0	0	0	0	0	0
615	743	584	585	25	0	0	0	0	816	4	0	0	0	0	0	0	0	0
616	744	586	174	227	0	0	3557	26	0	0	0	0	0	0	4114	11	0	0
617	745	567	174	48	0	0	0	0	0	0	0	0	0	0	2550	5	0	0
618	746	584	587	78	0	0	0	0	3366	12	0	0	0	0	1394	4	0	0
619	747	189	588	83	0	0	3978	9	0	0	0	0	0	0	714	2	0	0
620	748	561	189	165	3808	10	0	0	0	0	2040	5	0	0	850	2	0	0
621	749	558	561	10	0	0	0	0	0	0	0	0	0	0	0	0	0	0
622	759	1	563	12	0	0	0	0	0	0	0	0	0	0	0	0	0	0
623	762	0	589	77	0	0	0	0	0	0	0	0	0	0	0	0	0	0
624	763	456	453	19	0	0	0	0	0	0	0	0	0	0	0	0	0	0
625	764	589	451	22	0	0	0	0	0	0	0	0	0	0	0	0	0	0
626	766	590	591	139	0	0	3958	39	0	0	0	0	1700	1	2550	6	0	0
627	767	589	590	88	0	0	0	0	0	0	0	0	0	0	0	0	0	0
628	768	592	590	78	0	0	510	1	0	0	510	1	0	0	340	1	0	0
629	769	562	593	60	0	0	0	0	0	0	0	0	0	0	0	0	0	0
630	770	594	194	142	0	0	3429	54	0	0	0	0	0	0	7480	14	0	0
631	771	194	595	147	0	0	0	0	0	0	0	0	0	0	2720	6	0	0
632	772	593	594	132	0	0	3924	34	0	0	1870	1	0	0	2210	5	0	0
633	773	596	194	103	0	0	0	0	0	0	0	0	0	0	0	0	0	0
634	774	593	597	286	2601	17	4213	30	0	0	2380	2	0	0	4250	9	0	0
635	775	598	599	70	0	0	0	0	0	0	0	0	0	0	0	0	0	0
636	776	598	600	110	0	0	0	0	0	0	0	0	0	0	0	0	0	0
637	777	398	601	236	0	0	3489	15	3991	12	510	1	0	0	5236	20	0	0
638	778	601	602	13	0	0	0	0	0	0	0	0	0	0	0	0	0	0
639	782	602	599	85	0	0	0	0	272	2	0	0	0	0	612	3	0	0
640	783	603	583	53	0	0	0	0	0	0	0	0	0	0	0	0	0	0
641	784	17	603	33	0	0	0	0	0	0	0	0	0	0	0	0	0	0
642	785	604	603	94	0	0	0	0	2295	5	0	0	0	0	1224	6	0	0
643	786	15	604	128	0	0	510	1	4039	14	0	0	0	0	2176	10	0	0
644	787	577	114	162	0	0	1530	3	4083	26	0	0	0	0	5032	18	0	0
645	788	114	604	64	0	0	306	2	0	0	0	0	0	0	408	2	0	0
646	789	605	208	140	4080	8	0	0	0	0	0	0	0	0	0	0	0	0
647	790	606	207	141	0	0	0	0	0	0	0	0	0	0	0	0	0	0
648	791	208	607	103	3919	10	0	0	1530	3	0	0	1870	1	0	0	0	0
649	792	608	609	90	0	0	0	0	0	0	0	0	0	0	0	0	0	0
650	793	207	610	99	0	0	0	0	0	0	0	0	0	0	0	0	0	0
651	794	607	611	110	0	0	0	0	0	0	0	0	0	0	0	0	0	0
652	795	610	611	101	0	0	0	0	0	0	0	0	0	0	0	0	0	0
653	796	605	609	7	0	0	0	0	0	0	0	0	0	0	0	0	0	0
654	797	406	446	86	0	0	4031	18	510	1	1870	4	0	0	850	2	0	0
655	798	596	564	103	0	0	4028	22	0	0	0	0	0	0	2720	6	0	0
656	799	605	596	226	4182	10	0	0	0	0	0	0	0	0	850	2	0	0
657	800	446	612	104	0	0	0	0	765	5	0	0	0	0	408	2	0	0
658	801	612	606	180	0	0	0	0	0	0	0	0	0	0	0	0	0	0
659	802	609	606	6	0	0	0	0	0	0	0	0	0	0	0	0	0	0
660	803	408	203	83	0	0	2244	11	0	0	0	0	0	0	0	0	0	0
661	804	203	210	150	0	0	0	0	4080	8	0	0	0	0	0	0	0	0
662	805	210	611	148	0	0	3472	12	3264	7	0	0	0	0	2074	2	232	2
663	806	206	613	115	0	0	0	0	425	3	0	0	0	0	816	4	352	3
664	807	612	206	69	0	0	0	0	1241	8	0	0	0	0	1632	8	952	8
665	808	614	615	73	0	0	0	0	391	3	0	0	0	0	612	3	232	2
666	809	613	209	40	0	0	0	0	0	0	0	0	0	0	0	0	0	0
667	810	607	594	232	1020	2	3916	24	0	0	0	0	0	0	4012	10	0	0
668	811	204	613	109	0	0	0	0	2040	7	0	0	0	0	1428	7	692	4
669	812	209	615	75	0	0	0	0	0	0	0	0	0	0	0	0	0	0
670	813	615	610	74	0	0	0	0	153	1	0	0	0	0	612	3	0	0
671	814	404	204	88	0	0	3927	14	0	0	0	0	0	0	2482	7	0	0
672	815	616	216	100	0	0	1020	2	0	0	0	0	0	0	0	0	0	0
673	816	216	212	104	0	0	2040	4	0	0	0	0	0	0	1360	3	0	0
674	817	392	616	81	0	0	0	0	0	0	0	0	0	0	0	0	0	0
675	818	616	211	109	0	0	3060	6	0	0	0	0	0	0	2380	6	0	0
676	819	617	616	105	0	0	2720	6	510	1	0	0	0	0	680	2	0	0
677	820	211	618	92	0	0	850	2	0	0	0	0	0	0	1428	5	0	0
678	821	213	306	54	0	0	0	0	0	0	0	0	0	0	0	0	0	0
679	822	408	617	88	0	0	0	0	0	0	0	0	0	0	0	0	0	0
680	823	617	215	116	0	0	4080	8	1530	3	0	0	0	0	3264	5	0	0
681	824	215	213	135	0	0	0	0	0	0	0	0	0	0	0	0	0	0
682	825	306	486	115	0	0	2193	12	0	0	0	0	0	0	510	1	0	0
683	826	2	619	162	0	0	4009	29	510	1	0	0	0	0	3570	7	0	0
684	827	2	213	100	0	0	3524	21	1530	3	0	0	0	0	4998	12	0	0
685	831	4	620	91	0	0	0	0	459	3	0	0	0	0	612	3	0	0
686	834	396	479	264	0	0	3966	28	3060	6	0	0	0	0	4590	14	0	0
687	840	619	477	123	0	0	3928	9	0	0	0	0	0	0	2414	7	0	0
688	841	217	619	250	0	0	0	0	918	3	0	0	0	0	204	1	0	0
689	842	405	217	79	0	0	3060	6	1530	3	0	0	0	0	1258	4	0	0
690	847	622	623	15	0	0	0	0	0	0	0	0	0	0	0	0	0	0
691	848	624	622	64	0	0	0	0	0	0	0	0	0	0	0	0	0	0
692	849	222	625	84	0	0	0	0	0	0	0	0	0	0	0	0	0	0
693	850	625	624	79	0	0	3970	9	0	0	0	0	0	0	850	2	0	0
694	851	402	624	197	0	0	1700	4	3604	5	0	0	0	0	1292	5	0	0
695	852	624	227	191	3913	9	0	0	510	1	0	0	0	0	2890	7	0	0
696	853	626	627	49	0	0	3653	19	3508	27	0	0	0	0	4760	10	0	0
697	854	625	626	115	0	0	3656	10	0	0	0	0	0	0	1190	3	0	0
698	855	394	625	160	4213	10	0	0	204	1	0	0	0	0	2788	8	0	0
699	856	504	219	75	0	0	3570	7	3786	15	850	2	0	0	4080	6	0	0
700	857	219	626	83	0	0	0	0	0	0	0	0	0	0	0	0	0	0
701	858	403	223	78	0	0	0	0	0	0	0	0	0	0	0	0	0	0
702	859	623	129	8	0	0	0	0	0	0	0	0	0	0	0	0	0	0
703	860	131	622	14	0	0	0	0	0	0	0	0	0	0	0	0	0	0
704	861	223	131	140	0	0	4182	15	0	0	0	0	0	0	1700	4	0	0
705	862	623	482	165	0	0	3974	29	0	0	0	0	0	0	4250	10	0	0
706	863	40	5	131	2040	10	4017	25	0	0	1020	2	0	0	4420	9	0	0
707	864	5	10	129	3421	18	0	0	0	0	1785	3	1700	1	680	2	0	0
708	865	628	629	192	0	0	0	0	0	0	1870	1	0	0	4590	9	0	0
709	866	630	628	70	0	0	0	0	0	0	0	0	0	0	0	0	0	0
710	868	480	630	127	4219	36	0	0	0	0	0	0	0	0	6290	15	0	0
711	869	631	136	142	0	0	0	0	918	3	0	0	0	0	1224	6	592	5
712	870	136	632	108	0	0	0	0	1020	2	0	0	0	0	408	2	472	4
713	871	401	631	85	0	0	3060	6	0	0	1530	3	0	0	1020	2	0	0
714	872	230	633	26	0	0	0	0	0	0	0	0	0	0	0	0	0	0
715	873	600	633	49	0	0	0	0	0	0	0	0	0	0	0	0	0	0
716	874	474	469	29	0	0	0	0	0	0	0	0	0	0	0	0	0	0
717	875	633	229	23	0	0	0	0	0	0	0	0	0	0	0	0	0	0
718	876	230	474	67	0	0	0	0	0	0	0	0	0	0	0	0	0	0
719	877	469	634	106	0	0	3749	25	0	0	1870	1	0	0	5100	10	0	0
720	878	403	635	85	0	0	0	0	1870	1	0	0	0	0	0	0	0	0
721	879	636	608	39	0	0	0	0	0	0	0	0	0	0	0	0	0	0
722	880	635	636	247	0	0	0	0	0	0	0	0	0	0	0	0	0	0
723	882	634	197	76	0	0	0	0	0	0	0	0	0	0	0	0	0	0
724	883	608	634	81	0	0	0	0	0	0	0	0	0	0	0	0	0	0
725	884	637	638	82	0	0	0	0	0	0	0	0	0	0	0	0	0	0
726	885	135	637	77	0	0	0	0	204	1	0	0	0	0	408	2	232	2
727	886	134	637	81	0	0	0	0	0	0	0	0	0	0	0	0	0	0
728	887	639	135	87	0	0	0	0	850	2	0	0	0	0	204	1	0	0
729	888	640	399	85	0	0	0	0	0	0	0	0	0	0	0	0	0	0
730	889	395	641	85	0	0	0	0	1020	2	0	0	0	0	0	0	0	0
731	890	472	468	27	0	0	0	0	0	0	0	0	0	0	0	0	0	0
732	891	642	635	72	0	0	3825	8	0	0	0	0	0	0	2380	5	0	0
733	892	642	402	85	0	0	0	0	0	0	0	0	0	0	0	0	0	0
734	893	400	643	85	0	0	0	0	0	0	0	0	0	0	0	0	0	0
735	894	641	640	44	0	0	0	0	425	1	0	0	0	0	408	2	232	2
736	895	468	641	62	0	0	0	0	612	3	0	0	0	0	408	2	0	0
737	896	631	472	93	0	0	0	0	765	4	0	0	0	0	408	2	204	1
738	897	640	639	74	0	0	0	0	0	0	0	0	0	0	0	0	0	0
739	898	642	643	18	0	0	0	0	0	0	0	0	0	0	0	0	0	0
740	899	643	639	3	0	0	0	0	0	0	0	0	0	0	0	0	0	0
741	900	473	471	27	0	0	0	0	0	0	0	0	0	0	0	0	0	0
742	901	638	636	63	0	0	0	0	0	0	0	0	0	0	0	0	0	0
743	902	471	638	93	0	0	0	0	0	0	0	0	0	0	0	0	0	0
744	903	470	608	140	0	0	0	0	0	0	0	0	0	0	0	0	0	0
745	904	231	632	29	0	0	0	0	0	0	0	0	0	0	0	0	0	0
746	905	644	599	70	0	0	0	0	0	0	1870	1	0	0	0	0	0	0
747	906	645	234	88	0	0	0	0	833	3	0	0	0	0	1224	3	0	0
748	907	646	647	129	0	0	816	4	3876	10	0	0	0	0	2210	8	0	0
749	908	231	473	80	0	0	0	0	0	0	0	0	0	0	0	0	0	0
750	909	647	645	189	0	0	0	0	2159	5	0	0	0	0	1020	5	640	4
751	910	599	632	73	0	0	0	0	0	0	0	0	0	0	0	0	0	0
752	911	234	644	102	0	0	0	0	306	2	0	0	0	0	612	3	0	0
753	913	648	602	75	0	0	0	0	0	0	0	0	0	0	0	0	0	0
754	915	648	601	63	0	0	0	0	0	0	0	0	0	0	0	0	0	0
755	916	397	233	76	0	0	1547	13	204	1	0	0	0	0	204	1	116	1
756	918	649	650	79	0	0	0	0	986	4	0	0	0	0	1224	6	0	0
757	919	650	645	82	0	0	0	0	510	1	0	0	0	0	204	1	408	2
758	920	651	650	166	0	0	0	0	1173	6	0	0	0	0	816	4	472	4
759	921	652	651	155	0	0	0	0	4145	12	1870	1	0	0	612	3	640	4
760	922	651	647	76	0	0	0	0	459	3	0	0	0	0	408	2	232	2
761	923	653	651	77	0	0	0	0	0	0	0	0	0	0	0	0	0	0
762	924	654	653	179	0	0	1530	3	3403	12	0	0	0	0	2822	11	472	4
763	925	653	649	143	0	0	0	0	3757	10	0	0	0	0	884	3	0	0
764	926	237	655	258	0	0	3682	18	5867	33	0	0	0	0	8042	35	0	0
765	927	570	237	214	0	0	3026	18	3499	20	0	0	0	0	3944	16	0	0
766	928	655	598	110	0	0	2550	5	0	0	1020	2	0	0	0	0	0	0
767	929	655	656	34	0	0	1700	4	0	0	0	0	0	0	850	2	0	0
768	930	621	478	263	0	0	4180	19	0	0	3400	2	0	0	2380	5	0	0
769	931	244	86	35	0	0	0	0	0	0	0	0	0	0	0	0	0	0
770	932	126	244	279	3992	29	4067	27	2040	4	2720	7	0	0	7650	18	0	0
771	933	463	505	8	0	0	0	0	0	0	0	0	0	0	0	0	0	0
772	934	505	630	86	3983	14	0	0	0	0	1020	2	0	0	680	2	0	0
773	935	465	507	6	0	0	0	0	0	0	0	0	0	0	0	0	0	0
774	936	119	249	153	0	0	3479	12	850	2	0	0	0	0	1258	4	0	0
775	937	249	247	95	0	0	0	0	0	0	0	0	0	0	0	0	0	0
776	938	657	658	70	3899	10	0	0	0	0	0	0	0	0	0	0	0	0
777	939	63	657	144	3741	16	0	0	0	0	1530	3	0	0	2040	4	0	0
778	940	657	61	51	0	0	0	0	0	0	0	0	0	0	0	0	0	0
779	941	659	660	16	0	0	0	0	0	0	0	0	0	0	0	0	0	0
780	942	250	661	62	0	0	0	0	0	0	0	0	0	0	0	0	0	0
781	943	550	662	440	0	0	0	0	2193	11	0	0	0	0	2244	11	1068	9
782	944	250	659	8	0	0	0	0	0	0	0	0	0	0	0	0	0	0
783	945	663	35	164	4080	8	0	0	3968	22	0	0	0	0	4590	9	0	0
784	946	661	659	64	0	0	0	0	0	0	0	0	0	0	0	0	0	0
785	947	664	665	269	4182	19	0	0	0	0	0	0	0	0	2244	6	0	0
786	948	664	666	61	0	0	0	0	0	0	0	0	0	0	0	0	0	0
787	949	662	32	10	0	0	0	0	0	0	0	0	0	0	0	0	0	0
788	951	667	664	13	0	0	0	0	0	0	0	0	0	0	0	0	0	0
789	952	666	668	64	3726	19	0	0	0	0	0	0	0	0	2244	6	0	0
790	953	669	552	252	0	0	0	0	2261	9	0	0	0	0	2040	10	1476	11
791	954	550	552	21	0	0	0	0	0	0	0	0	0	0	0	0	0	0
792	955	661	667	53	0	0	0	0	0	0	0	0	0	0	0	0	0	0
793	956	663	670	176	0	0	2040	4	510	1	0	0	0	0	0	0	0	0
794	957	667	663	13	0	0	0	0	0	0	0	0	0	0	0	0	0	0
795	958	524	669	181	0	0	0	0	0	0	0	0	0	0	1530	3	0	0
796	959	125	669	82	0	0	0	0	1530	5	0	0	0	0	1020	5	0	0
797	960	541	125	118	0	0	0	0	867	5	0	0	0	0	612	3	472	4
798	961	522	251	53	4080	8	0	0	2074	2	0	0	0	0	1224	3	232	2
799	962	538	543	192	0	0	0	0	3978	12	0	0	0	0	2176	10	232	2
800	963	541	543	15	0	0	0	0	0	0	0	0	0	0	0	0	0	0
801	964	669	251	91	0	0	0	0	204	1	0	0	0	0	408	2	0	0
802	965	671	672	38	0	0	0	0	0	0	0	0	0	0	0	0	0	0
803	966	660	671	37	0	0	3060	6	1700	1	0	0	0	0	850	2	0	0
804	967	506	253	144	0	0	1020	2	3516	9	0	0	0	0	2380	5	0	0
805	968	673	671	39	0	0	0	0	1360	4	0	0	0	0	850	2	0	0
806	969	672	662	16	0	0	0	0	0	0	0	0	0	0	0	0	0	0
807	970	660	672	8	0	0	0	0	0	0	0	0	0	0	0	0	0	0
808	971	548	673	117	0	0	3060	6	850	2	0	0	0	0	1020	2	0	0
809	972	253	548	180	0	0	0	0	3655	8	0	0	0	0	544	2	0	0
810	973	305	303	81	0	0	0	0	0	0	0	0	0	0	0	0	0	0
811	974	549	305	80	0	0	0	0	0	0	0	0	0	0	0	0	0	0
812	975	303	673	288	0	0	4060	44	425	1	0	0	0	0	7960	25	0	0
813	976	309	125	70	0	0	0	0	0	0	0	0	0	0	0	0	0	0
814	977	309	551	184	0	0	0	0	680	4	0	0	0	0	1224	6	232	2
815	978	674	118	71	0	0	0	0	0	0	0	0	0	0	0	0	0	0
816	980	53	675	70	1700	4	0	0	0	0	0	0	0	0	544	2	0	0
817	981	675	674	179	1020	2	0	0	0	0	0	0	0	0	0	0	0	0
818	982	676	677	79	0	0	0	0	0	0	0	0	0	0	0	0	0	0
819	983	678	679	68	0	0	0	0	408	2	0	0	0	0	408	2	232	2
820	984	680	681	68	0	0	0	0	510	1	0	0	0	0	204	1	0	0
821	985	677	682	45	0	0	0	0	119	1	0	0	0	0	204	1	232	2
822	986	518	676	220	0	0	1360	4	1785	9	0	0	0	0	2652	13	472	4
823	987	680	678	82	0	0	0	0	544	2	0	0	0	0	816	4	0	0
824	988	682	680	20	0	0	0	0	0	0	0	0	0	0	0	0	0	0
825	989	683	684	190	0	0	0	0	612	3	0	0	0	0	816	4	352	3
826	990	678	683	65	0	0	0	0	0	0	0	0	0	0	0	0	0	0
827	991	684	557	94	0	0	0	0	408	2	0	0	0	0	204	1	0	0
828	992	685	686	122	0	0	3712	13	0	0	1870	1	0	0	1870	4	0	0
829	995	687	683	74	0	0	0	0	1428	4	0	0	0	0	884	3	0	0
830	996	686	56	151	1632	8	3715	25	0	0	0	0	1700	1	5388	12	0	0
831	997	56	688	99	0	0	3774	8	0	0	0	0	0	0	1088	4	0	0
832	998	689	685	360	0	0	3421	42	3734	25	1258	4	0	0	7976	38	232	2
833	999	688	313	113	0	0	0	0	0	0	0	0	0	0	0	0	0	0
834	1000	277	689	144	0	0	4115	29	3485	7	0	0	0	0	2414	9	408	2
835	1002	690	691	40	0	0	0	0	0	0	0	0	0	0	0	0	0	0
836	1004	313	692	91	0	0	0	0	0	0	0	0	0	0	0	0	0	0
837	1005	692	687	47	0	0	0	0	0	0	0	0	0	0	0	0	0	0
838	1006	693	687	25	0	0	0	0	0	0	0	0	0	0	0	0	0	0
839	1007	313	693	91	0	0	0	0	0	0	0	0	0	0	0	0	0	0
840	1008	694	688	255	0	0	3770	29	0	0	0	0	0	0	5610	12	0	0
841	1009	688	556	291	0	0	4174	23	2363	11	0	0	0	0	6324	20	828	7
842	1010	526	694	187	0	0	3858	18	153	1	0	0	0	0	4692	12	0	0
843	1011	695	696	79	0	0	0	0	0	0	0	0	0	0	0	0	0	0
844	1012	697	682	92	0	0	0	0	119	1	0	0	0	0	0	0	0	0
845	1013	696	677	92	0	0	0	0	0	0	0	0	0	0	0	0	0	0
846	1014	696	697	45	0	0	0	0	0	0	0	0	0	0	0	0	0	0
847	1015	698	555	74	0	0	0	0	0	0	0	0	0	0	0	0	0	0
848	1016	692	693	38	0	0	0	0	0	0	0	0	0	0	0	0	0	0
849	1017	523	695	210	0	0	0	0	918	3	0	0	0	0	612	3	232	2
850	1018	693	698	205	0	0	850	2	2686	10	0	0	0	0	1972	9	880	6
851	1019	697	692	111	0	0	2550	5	340	1	0	0	0	0	816	4	232	2
852	1020	676	699	111	0	0	0	0	0	0	0	0	0	0	0	0	0	0
853	1021	315	695	88	0	0	0	0	119	1	0	0	0	0	204	1	524	3
854	1022	695	676	90	0	0	0	0	204	1	0	0	0	0	408	2	0	0
855	1023	694	315	114	0	0	0	0	0	0	0	0	0	0	0	0	0	0
856	1024	122	700	41	2550	5	0	0	850	2	0	0	0	0	884	3	232	2
857	1025	701	690	255	0	0	3655	30	4080	20	2550	5	0	0	4114	9	0	0
858	1026	701	702	84	0	0	0	0	1020	2	0	0	0	0	0	0	0	0
859	1027	700	703	107	0	0	0	0	119	1	0	0	0	0	408	2	0	0
860	1028	317	699	47	0	0	0	0	0	0	0	0	0	0	0	0	0	0
861	1029	703	317	36	0	0	0	0	323	2	0	0	0	0	816	4	232	2
862	1030	699	701	75	0	0	3264	16	3502	9	0	0	0	0	0	0	0	0
863	1031	684	691	206	0	0	0	0	153	1	0	0	0	0	408	2	232	2
864	1032	698	684	94	0	0	0	0	850	2	680	2	0	0	680	2	0	0
865	1034	704	499	70	1020	2	0	0	0	0	0	0	0	0	4590	9	0	0
866	1035	488	705	109	0	0	4049	10	1870	1	510	1	0	0	3604	9	0	0
867	1036	706	707	95	0	0	3448	10	1020	2	0	0	0	0	2958	9	0	0
868	1037	708	705	4	0	0	0	0	0	0	0	0	0	0	0	0	0	0
869	1038	685	704	89	4080	8	0	0	0	0	0	0	0	0	0	0	0	0
870	1039	707	685	107	0	0	0	0	0	0	0	0	0	0	0	0	0	0
871	1040	708	706	85	0	0	0	0	1020	2	0	0	0	0	322	2	0	0
872	1041	709	710	35	0	0	0	0	0	0	0	0	0	0	0	0	0	0
873	1042	704	711	97	0	0	0	0	510	1	0	0	0	0	0	0	0	0
874	1043	711	710	145	2040	4	0	0	850	2	0	0	0	0	680	2	0	0
875	1044	553	710	34	0	0	0	0	0	0	0	0	0	0	0	0	0	0
876	1046	712	713	86	510	1	3570	7	119	1	0	0	0	0	1360	3	0	0
877	1047	57	712	84	2040	4	3570	7	1020	2	0	0	0	0	1428	4	0	0
878	1048	713	714	25	0	0	3570	13	850	2	0	0	0	0	2720	3	0	0
879	1049	714	711	25	0	0	0	0	0	0	0	0	0	0	0	0	0	0
880	1050	709	554	35	0	0	0	0	0	0	0	0	0	0	0	0	0	0
881	1051	712	709	118	0	0	2856	8	0	0	0	0	0	0	1190	3	0	0
882	1052	276	715	151	0	0	3060	6	1530	3	0	0	0	0	2754	10	0	0
883	1053	715	707	338	0	0	2040	4	3800	23	0	0	0	0	4216	17	1048	6
884	1055	716	717	47	0	0	0	0	0	0	3740	2	0	0	748	3	0	0
885	1057	707	716	57	0	0	0	0	0	0	0	0	0	0	0	0	0	0
886	1058	718	48	229	0	0	3060	6	3782	15	0	0	0	0	5644	11	408	2
887	1060	719	706	336	0	0	510	1	3562	29	0	0	0	0	5474	24	2444	17
888	1061	706	718	56	0	0	1224	6	816	4	1870	1	0	0	1088	4	0	0
889	1062	272	719	140	0	0	1530	3	3520	15	0	0	0	0	3468	13	408	2
890	1063	492	708	177	0	0	4158	25	0	0	0	0	0	0	6698	17	0	0
891	1064	282	492	285	0	0	3605	43	3530	11	0	0	0	0	7352	34	0	0
892	1065	705	321	75	0	0	3570	7	0	0	0	0	0	0	1530	4	0	0
893	1066	321	323	77	0	0	3515	9	0	0	1360	3	0	0	1190	3	0	0
894	1067	323	58	142	0	0	4225	9	4108	14	0	0	0	0	2584	10	0	0
895	1068	535	327	181	0	0	3429	34	2193	10	0	0	0	0	6562	20	0	0
896	1069	720	329	25	0	0	0	0	0	0	0	0	0	0	0	0	0	0
897	1070	327	720	26	0	0	0	0	1870	1	0	0	0	0	0	0	0	0
898	1071	329	520	202	0	0	3428	12	2669	6	0	0	0	0	6800	14	0	0
899	1072	534	721	211	3743	11	0	0	3754	17	510	1	0	0	5338	14	0	0
900	1073	721	521	225	1530	3	4082	19	3861	15	1870	1	0	0	6426	19	0	0
901	1074	721	59	60	1020	2	0	0	0	0	0	0	0	0	544	2	0	0
902	1075	720	330	79	0	0	0	0	0	0	0	0	0	0	1870	4	0	0
903	1076	330	721	68	0	0	0	0	0	0	0	0	0	0	0	0	0	0
904	1077	326	84	11	0	0	0	0	0	0	0	0	0	0	0	0	0	0
905	1078	533	326	179	2720	10	3494	18	1700	4	0	0	0	0	4896	14	0	0
906	1079	84	328	40	0	0	0	0	0	0	0	0	0	0	0	0	0	0
907	1080	328	519	201	0	0	3411	29	4223	11	0	0	0	0	5100	15	0	0
908	1081	101	722	74	0	0	0	0	3590	14	0	0	0	0	850	2	0	0
909	1082	101	99	6	0	0	0	0	0	0	0	0	0	0	0	0	0	0
910	1083	532	332	60	0	0	0	0	0	0	0	0	0	0	0	0	0	0
911	1084	332	99	70	0	0	3958	16	0	0	0	0	0	0	3876	11	0	0
912	1085	517	96	219	0	0	0	0	0	0	3060	6	3400	2	1020	2	0	0
913	1086	723	724	72	0	0	0	0	0	0	0	0	0	0	0	0	0	0
914	1087	516	723	74	0	0	2550	5	0	0	0	0	0	0	884	3	0	0
915	1088	724	722	74	0	0	1530	3	0	0	0	0	0	0	1530	3	0	0
916	1089	715	689	65	510	1	0	0	510	1	0	0	0	0	748	3	544	2
917	1090	719	715	65	0	0	0	0	1020	2	0	0	0	0	204	1	0	0
918	1091	725	726	195	0	0	3451	19	1870	1	0	0	0	0	3434	12	0	0
919	1092	62	725	13	0	0	0	0	0	0	0	0	0	0	0	0	0	0
920	1093	535	334	82	0	0	3315	10	7610	30	3400	7	0	0	340	1	0	0
921	1094	334	726	75	0	0	0	0	4197	42	6630	13	0	0	0	0	0	0
922	1095	727	728	60	2550	5	0	0	3485	7	0	0	0	0	1972	6	0	0
923	1096	728	181	93	0	0	1530	3	2040	4	0	0	0	0	2278	6	0	0
924	1097	348	502	72	1632	8	0	0	1836	9	0	0	0	0	408	2	0	0
925	1098	502	49	156	0	0	3417	9	4024	26	1802	6	0	0	4080	13	0	0
926	1099	729	727	96	1530	3	0	0	3890	19	340	1	0	0	3230	11	204	1
927	1100	729	176	25	0	0	0	0	0	0	0	0	0	0	0	0	0	0
928	1101	145	340	258	3449	10	2448	9	3509	10	1020	2	0	0	3230	7	0	0
929	1102	340	176	77	0	0	0	0	0	0	0	0	0	0	0	0	0	0
930	1103	728	348	23	0	0	2550	5	0	0	0	0	0	0	0	0	0	0
931	1104	344	730	112	0	0	0	0	4243	14	0	0	0	0	1904	8	0	0
932	1105	731	732	44	0	0	0	0	510	1	0	0	0	0	544	2	0	0
933	1106	93	731	151	0	0	3910	8	3910	8	0	0	0	0	1632	6	0	0
934	1107	731	344	111	0	0	2550	5	510	1	0	0	0	0	1394	4	0	0
935	1108	345	733	112	0	0	1224	6	3910	8	0	0	0	0	2142	6	0	0
936	1109	732	345	19	0	0	0	0	0	0	0	0	0	0	0	0	0	0
937	1110	733	145	77	0	0	450	7	1530	3	0	0	0	0	544	2	0	0
938	1111	734	342	99	612	3	3230	14	0	0	1530	3	0	0	1632	6	0	0
939	1112	734	735	67	0	0	3978	12	0	0	0	0	0	0	1360	3	0	0
940	1113	733	730	39	0	0	0	0	0	0	0	0	0	0	0	0	0	0
941	1114	730	734	40	0	0	2040	4	0	0	0	0	0	0	1088	4	0	0
942	1115	736	176	149	0	0	2040	4	3400	2	1700	1	0	0	544	2	0	0
943	1116	342	736	44	0	0	0	0	0	0	0	0	0	0	0	0	0	0
944	1117	729	347	76	0	0	0	0	0	0	0	0	0	0	0	0	0	0
945	1118	346	737	152	0	0	0	0	408	2	0	0	0	0	0	0	0	0
946	1119	727	346	98	0	0	0	0	3978	9	0	0	0	0	1292	5	232	2
947	1120	738	575	166	0	0	2040	4	4005	15	0	0	0	0	3364	16	728	4
948	1121	386	738	265	0	0	0	0	3414	19	0	0	0	0	2566	13	1156	9
949	1122	739	351	82	0	0	4080	8	1054	3	0	0	0	0	2074	5	0	0
950	1123	351	738	53	0	0	0	0	0	0	0	0	0	0	0	0	0	0
951	1124	582	739	126	0	0	2040	10	850	2	0	0	0	0	544	2	0	0
952	1125	350	739	77	0	0	425	1	0	0	0	0	0	0	408	2	0	0
953	1126	740	350	74	0	0	4147	14	0	0	1700	1	0	0	4080	13	0	0
954	1127	741	78	26	0	0	714	2	0	0	0	0	0	0	322	2	0	0
955	1128	78	378	62	0	0	1020	2	0	0	0	0	0	0	544	2	0	0
956	1129	459	742	23	0	0	3264	16	0	0	0	0	0	0	1700	4	0	0
957	1130	742	741	35	0	0	1275	3	1020	2	0	0	0	0	1088	4	0	0
958	1131	743	744	52	0	0	0	0	2125	5	0	0	0	0	850	2	0	0
959	1132	364	743	188	0	0	4250	9	4216	13	0	0	0	0	6018	19	0	0
960	1133	744	745	27	0	0	0	0	0	0	0	0	0	0	1190	3	0	0
961	1134	741	359	75	0	0	0	0	2550	5	0	0	0	0	816	4	0	0
962	1135	359	746	92	0	0	0	0	3688	24	0	0	0	0	6052	18	0	0
963	1136	746	743	69	0	0	1836	9	2550	5	0	0	0	0	1020	2	0	0
964	1138	384	746	178	1836	9	3825	8	4930	7	0	0	0	0	4352	15	0	0
965	1139	747	153	94	3060	6	0	0	0	0	0	0	0	0	2040	5	0	0
966	1140	381	747	67	0	0	2720	6	0	0	0	0	0	0	1496	6	0	0
967	1141	747	748	112	0	0	3414	11	0	0	0	0	0	0	2278	6	0	0
968	1142	368	749	101	0	0	1700	7	1020	2	0	0	0	0	1632	5	408	2
969	1143	385	368	97	0	0	1020	2	2448	6	0	0	0	0	1802	6	0	0
970	1144	749	156	127	0	0	935	2	3485	7	0	0	0	0	1768	8	408	2
971	1145	749	199	97	0	0	2754	9	1020	5	0	0	0	0	408	2	0	0
972	1146	199	111	111	0	0	1445	10	1700	1	0	0	0	0	0	0	0	0
973	1147	111	732	139	0	0	816	4	4236	12	0	0	0	0	3502	12	0	0
974	1148	372	750	56	0	0	4080	8	204	1	714	2	0	0	850	2	0	0
975	1149	751	258	101	0	0	3060	6	3060	6	0	0	0	0	1700	4	0	0
976	1150	750	369	83	0	0	2040	4	0	0	0	0	0	0	0	0	0	0
977	1151	370	369	3	0	0	0	0	0	0	0	0	0	0	0	0	0	0
978	1152	36	372	96	0	0	3420	15	0	0	0	0	0	0	3298	12	0	0
979	1153	370	108	101	0	0	2091	9	425	1	0	0	0	0	816	4	0	0
980	1154	108	752	82	0	0	4112	10	2550	5	0	0	0	0	2210	6	0	0
981	1155	751	752	38	0	0	0	0	0	0	0	0	0	0	0	0	0	0
982	1156	144	752	118	3060	6	0	0	1530	3	0	0	0	0	1054	3	0	0
983	1157	752	753	98	510	1	0	0	408	2	0	0	0	0	204	1	232	2
984	1158	753	105	128	0	0	0	0	2380	7	0	0	0	0	1224	6	1304	11
985	1159	286	754	156	0	0	2040	4	0	0	0	0	0	0	3264	8	0	0
986	1160	96	722	73	0	0	0	0	0	0	1700	1	0	0	0	0	0	0
987	1161	754	722	107	0	0	0	0	0	0	0	0	0	0	0	0	0	0
988	1162	490	755	78	0	0	3060	6	0	0	1020	2	0	0	510	1	0	0
989	1163	754	100	73	0	0	0	0	6338	21	0	0	0	0	2890	6	0	0
990	1164	756	754	74	0	0	1020	2	0	0	0	0	0	0	4420	9	0	0
991	1165	755	756	73	0	0	510	1	0	0	0	0	0	0	1870	4	0	0
992	1166	280	756	165	0	0	1020	2	612	3	2380	5	0	0	1530	3	0	0
993	1167	756	724	108	0	0	0	0	0	0	0	0	0	0	0	0	0	0
994	1168	283	755	176	0	0	4054	20	0	0	3400	2	0	0	2380	6	0	0
995	1169	755	723	109	0	0	2040	4	4080	8	2805	1	0	0	1240	5	0	0
996	1170	753	751	141	2890	6	4247	17	510	1	1700	1	0	0	3910	15	340	1
997	1171	751	757	63	0	0	3774	8	1360	3	0	0	0	0	1904	8	0	0
998	1172	409	758	66	0	0	0	0	510	1	0	0	0	0	204	1	624	2
999	1174	37	409	111	0	0	1530	3	2040	4	1700	1	0	0	1224	3	0	0
1000	1175	758	430	21	0	0	0	0	918	3	0	0	0	0	408	2	640	4
1001	1176	430	270	88	0	0	0	0	2788	7	0	0	0	0	1428	5	408	2
1002	1177	759	269	99	1275	3	1870	4	2550	5	0	0	0	0	1088	4	0	0
1003	1178	170	759	201	0	0	510	1	4071	13	0	0	0	0	1954	10	1592	8
1004	1179	410	298	83	1020	2	0	0	2720	6	0	0	0	0	2244	6	0	0
1005	1180	759	410	125	3485	11	3715	23	918	3	0	0	0	0	5576	16	0	0
1006	1181	760	761	106	0	0	0	0	4179	13	0	0	0	0	1088	4	408	2
1007	1182	762	763	76	0	0	0	0	1530	3	0	0	0	0	204	1	232	2
1008	1183	764	762	61	0	0	0	0	1020	2	0	0	0	0	544	2	0	0
1009	1184	763	263	95	0	0	3060	6	4004	10	0	0	0	0	2924	8	0	0
1010	1185	765	764	32	0	0	0	0	0	0	0	0	0	0	0	0	0	0
1011	1186	766	765	69	0	0	0	0	0	0	0	0	0	0	0	0	0	0
1012	1187	423	767	65	0	0	0	0	0	0	0	0	0	0	0	0	0	0
1013	1188	761	768	62	0	0	0	0	0	0	0	0	0	0	0	0	0	0
1014	1189	768	767	108	0	0	0	0	0	0	0	0	0	0	0	0	0	0
1015	1190	767	769	18	0	0	0	0	0	0	0	0	0	0	0	0	0	0
1016	1191	769	765	39	0	0	0	0	0	0	0	0	0	0	0	0	0	0
1017	1192	768	423	12	0	0	0	0	0	0	0	0	0	0	0	0	0	0
1018	1193	769	770	81	0	0	3473	19	0	0	0	0	0	0	3910	9	0	0
1019	1194	766	769	32	0	0	0	0	0	0	0	0	0	0	0	0	0	0
1020	1195	771	766	92	0	0	3060	6	0	0	0	0	0	0	1598	5	0	0
1021	1196	426	772	35	0	0	1530	3	0	0	0	0	0	0	0	0	0	0
1022	1197	773	12	40	0	0	0	0	1564	4	0	0	0	0	408	2	0	0
1023	1198	420	774	21	0	0	0	0	0	0	0	0	0	0	0	0	0	0
1024	1199	420	761	73	3570	7	0	0	0	0	0	0	0	0	1700	4	0	0
1025	1200	761	424	66	0	0	0	0	0	0	0	0	0	0	0	0	0	0
1026	1201	417	775	71	1020	5	0	0	408	2	0	0	0	0	1088	4	0	0
1027	1202	67	417	196	1530	3	3926	13	1224	6	0	0	0	0	3502	10	0	0
1028	1203	775	418	118	3925	22	0	0	3812	20	1700	1	0	0	8020	23	0	0
1029	1204	418	774	53	0	0	2890	6	340	1	0	0	0	0	1394	4	0	0
1030	1205	772	424	35	0	0	0	0	0	0	0	0	0	0	0	0	0	0
1031	1206	773	426	30	0	0	0	0	0	0	0	0	0	0	0	0	0	0
1032	1207	422	771	106	0	0	1530	3	0	0	0	0	0	0	680	2	0	0
1033	1208	776	777	77	0	0	0	0	1870	4	0	0	0	0	544	2	0	0
1034	1209	778	779	58	0	0	0	0	4250	12	0	0	0	0	816	4	0	0
1035	1210	777	259	90	0	0	2550	5	3060	4	0	0	0	0	1700	7	472	4
1036	1211	774	422	60	0	0	1224	8	2040	4	0	0	0	0	1734	5	0	0
1037	1212	778	771	7	0	0	0	0	0	0	0	0	0	0	0	0	0	0
1038	1213	779	776	54	0	0	510	1	2193	5	0	0	0	0	798	3	0	0
1039	1214	776	762	129	0	0	1530	3	3060	6	0	0	0	0	2108	9	0	0
1040	1215	155	776	391	0	0	0	0	4001	55	340	1	0	0	6528	30	2936	15
1041	1216	777	763	130	0	0	1275	3	4106	19	0	0	0	0	4624	18	0	0
1042	1217	154	777	391	0	0	4165	29	4196	30	0	0	0	0	7630	42	0	0
1043	1218	764	780	81	0	0	0	0	0	0	0	0	0	0	0	0	0	0
1044	1219	779	764	127	0	0	510	1	1020	2	0	0	0	0	952	4	0	0
1045	1220	772	414	114	0	0	3661	23	510	1	0	0	0	0	5032	13	0	0
1046	1221	415	770	59	0	0	0	0	0	0	0	0	0	0	0	0	0	0
1047	1222	415	780	13	0	0	0	0	0	0	0	0	0	0	0	0	0	0
1048	1223	414	770	6	0	0	0	0	0	0	0	0	0	0	0	0	0	0
1049	1224	780	781	83	0	0	2652	7	0	0	0	0	0	0	1020	2	0	0
1050	1226	781	264	136	0	0	3637	18	3060	6	1530	3	0	0	4318	12	0	0
1051	1227	412	782	32	0	0	0	0	0	0	0	0	0	0	0	0	0	0
1052	1228	782	781	63	0	0	3060	6	0	0	0	0	0	0	3094	9	0	0
1053	1229	412	291	139	1020	2	2040	4	0	0	0	0	0	0	544	2	0	0
1054	1230	773	366	115	0	0	0	0	3400	7	3570	2	0	0	1496	6	0	0
1055	1231	367	366	44	0	0	0	0	0	0	0	0	0	0	0	0	0	0
1056	1232	367	782	99	0	0	0	0	0	0	0	0	0	0	0	0	0	0
1057	1233	783	778	122	0	0	2550	5	3526	21	0	0	0	0	5032	20	232	2
1058	1234	147	783	269	1700	4	3582	16	4159	18	544	2	0	0	7738	31	0	0
1059	1235	148	784	219	0	0	3709	13	3043	7	0	0	0	0	3400	11	0	0
1060	1236	784	783	98	0	0	0	0	0	0	0	0	0	0	0	0	0	0
1061	1237	775	416	131	2210	6	510	1	0	0	0	0	0	0	544	2	0	0
1062	1238	416	784	56	1020	3	1530	3	0	0	0	0	0	0	544	2	0	0
1063	1239	413	785	34	0	0	1530	3	0	0	0	0	0	0	544	2	0	0
1064	1240	785	292	99	0	0	3807	16	816	4	0	0	0	0	1530	3	0	0
1065	1241	163	429	102	1530	3	2890	6	4012	10	0	0	0	0	3264	11	0	0
1066	1242	429	413	80	0	0	4182	13	0	0	1700	1	0	0	2924	11	0	0
1067	1243	431	574	90	0	0	0	0	0	0	0	0	0	0	0	0	0	0
1068	1244	265	431	78	0	0	3554	23	1887	8	0	0	0	0	3162	12	0	0
1069	1245	785	265	97	0	0	3695	11	3468	11	0	0	0	0	3740	12	0	0
1070	1246	433	432	106	0	0	3964	23	0	0	0	0	0	0	3570	11	0	0
1071	1247	297	433	97	0	0	3728	11	510	1	1700	1	0	0	2516	8	0	0
1072	1248	444	169	177	0	0	510	1	3570	7	0	0	0	0	408	2	0	0
1073	1249	284	434	133	0	0	3698	10	0	0	0	0	0	0	1496	6	0	0
1074	1250	434	496	68	0	0	1275	3	1700	1	3060	4	0	0	544	2	0	0
1075	1251	496	442	59	0	0	0	0	0	0	0	0	0	0	0	0	0	0
1076	1252	442	444	62	0	0	0	0	0	0	0	0	0	0	0	0	0	0
1077	1253	786	787	163	0	0	1530	3	0	0	0	0	0	0	680	2	0	0
1078	1254	278	445	124	3060	6	3910	9	2550	5	0	0	0	0	3162	10	0	0
1079	1255	787	68	39	0	0	3060	6	1020	2	0	0	0	0	2482	8	0	0
1080	1256	69	294	14	0	0	0	0	0	0	0	0	0	0	0	0	0	0
1081	1257	445	68	112	0	0	1938	8	850	2	0	0	0	0	1428	5	0	0
1082	-1	665	666	1	0	0	0	0	0	0	0	0	0	0	0	0	0	0
1083	-2	13	287	211	0	0	0	0	0	0	0	0	0	0	0	0	0	0
1084	-3	8	9	18	0	0	0	0	0	0	0	0	0	0	0	0	0	0
1085	-4	115	256	163	0	0	0	0	0	0	0	0	0	0	0	0	0	0
1086	-6	176	175	93	0	0	0	0	0	0	0	0	0	0	0	0	0	0
1087	-7	195	600	198	0	0	0	0	0	0	0	0	0	0	0	0	0	0
1088	-8	226	7	69	0	0	0	0	0	0	0	0	0	0	0	0	0	0
1089	-9	422	423	107	0	0	0	0	0	0	0	0	0	0	0	0	0	0
1090	-13	296	497	336	0	0	0	0	0	0	0	0	0	0	0	0	0	0
1091	-14	565	567	182	0	0	0	0	0	0	0	0	0	0	0	0	0	0
1092	-15	456	451	38	0	0	0	0	0	0	0	0	0	0	0	0	0	0
1093	-16	621	398	72	0	0	0	0	0	0	0	0	0	0	0	0	0	0
1094	-18	648	233	178	0	0	0	0	0	0	0	0	0	0	0	0	0	0
1095	-19	683	690	93	0	0	0	0	0	0	0	0	0	0	0	0	0	0
END
